[[1, 0, 0, 0, 0, 0], [1, 1, 0, 0, 0, 0], [1, 0, 1, 0, 0, 0], [1, 0, 0, 1, 0, 0], [1, 0, 0, 0, 1, 0], [1, 5, 6, 7, 13, 15]]
[[1, 0, 0, 0, 0, 0], [1, 1, 0, 0, 0, 0], [1, 0, 1, 0, 0, 0], [1, 0, 0, 1, 0, 0], [1, 0, 0, 0, 1, 0], [1, 5, 6, 6, 14, 15]]
[[1, 0, 0, 0, 0, 0], [1, 1, 0, 0, 0, 0], [1, 0, 1, 0, 0, 0], [1, 0, 0, 1, 0, 0], [1, 0, 0, 0, 1, 0], [1, 3, 1, 4, 8, 15]]
[[1, 0, 0, 0, 0, 0], [1, 1, 0, 0, 0, 0], [1, 0, 1, 0, 0, 0], [1, 0, 0, 1, 0, 0], [1, 0, 0, 0, 1, 0], [1, 5, 3, 6, 2, 15]]
[[1, 0, 0, 0, 0, 0], [1, 1, 0, 0, 0, 0], [1, 0, 1, 0, 0, 0], [1, 0, 0, 1, 0, 0], [1, 0, 0, 0, 1, 0], [1, 3, 2, 4, 7, 15]]
[[1, 0, 0, 0, 0, 0], [1, 1, 0, 0, 0, 0], [1, 0, 1, 0, 0, 0], [1, 0, 0, 1, 0, 0], [1, 0, 0, 0, 1, 0], [1, 6, 6, 2, 2, 15]]
[[1, 0, 0, 0, 0, 0], [1, 1, 0, 0, 0, 0], [1, 0, 1, 0, 0, 0], [1, 0, 0, 1, 0, 0], [1, 0, 0, 0, 1, 0], [1, 5, 12, 7, 7, 15]]
[[1, 0, 0, 0, 0, 0], [1, 1, 0, 0, 0, 0], [1, 0, 1, 0, 0, 0], [1, 0, 0, 1, 0, 0], [1, 0, 0, 0, 1, 0], [1, 0, 5, 13, 13, 15]]
[[1, 0, 0, 0, 0, 0], [1, 1, 0, 0, 0, 0], [1, 0, 1, 0, 0, 0], [1, 0, 0, 1, 0, 0], [1, 0, 0, 0, 1, 0], [1, 10, 6, 6, 9, 15]]
[[1, 0, 0, 0, 0, 0], [1, 1, 0, 0, 0, 0], [1, 0, 1, 0, 0, 0], [1, 0, 0, 1, 0, 0], [1, 0, 0, 0, 1, 0], [1, 0, 5, 4, 7, 15]]
[[1, 0, 0, 0, 0, 0], [1, 1, 0, 0, 0, 0], [1, 0, 1, 0, 0, 0], [1, 0, 0, 1, 0, 0], [1, 0, 0, 0, 1, 0], [1, 5, 12, 1, 13, 15]]
[[1, 0, 0, 0, 0, 0], [1, 1, 0, 0, 0, 0], [1, 0, 1, 0, 0, 0], [1, 0, 0, 1, 0, 0], [1, 0, 0, 0, 1, 0], [1, 3, 3, 11, 14, 15]]
[[1, 0, 0, 0, 0, 0], [1, 1, 0, 0, 0, 0], [1, 0, 1, 0, 0, 0], [1, 0, 0, 1, 0, 0], [1, 0, 0, 0, 1, 0], [1, 0, 5, 5, 6, 15]]
[[1, 0, 0, 0, 0, 0], [1, 1, 0, 0, 0, 0], [1, 0, 1, 0, 0, 0], [1, 0, 0, 1, 0, 0], [1, 0, 0, 0, 1, 0], [1, 5, 5, 7, 14, 15]]
[[1, 0, 0, 0, 0, 0], [1, 1, 0, 0, 0, 0], [1, 0, 1, 0, 0, 0], [1, 0, 0, 1, 0, 0], [1, 0, 0, 0, 1, 0], [1, 3, 6, 11, 11, 15]]
[[1, 0, 0, 0, 0, 0], [1, 1, 0, 0, 0, 0], [1, 0, 1, 0, 0, 0], [1, 0, 0, 1, 0, 0], [1, 0, 0, 0, 1, 0], [1, 10, 10, 12, 14, 15]]
[[1, 0, 0, 0, 0, 0], [1, 1, 0, 0, 0, 0], [1, 0, 1, 0, 0, 0], [1, 0, 0, 1, 0, 0], [1, 0, 0, 0, 1, 0], [1, 5, 5, 2, 4, 15]]
[[1, 0, 0, 0, 0, 0], [1, 1, 0, 0, 0, 0], [1, 0, 1, 0, 0, 0], [1, 0, 0, 1, 0, 0], [1, 0, 0, 0, 1, 0], [1, 5, 9, 9, 8, 15]]
[[1, 0, 0, 0, 0, 0], [1, 1, 0, 0, 0, 0], [1, 0, 1, 0, 0, 0], [1, 0, 0, 1, 0, 0], [1, 0, 0, 0, 1, 0], [1, 6, 6, 12, 7, 15]]
[[1, 0, 0, 0, 0, 0], [1, 1, 0, 0, 0, 0], [1, 0, 1, 0, 0, 0], [1, 0, 0, 1, 0, 0], [1, 0, 0, 0, 1, 0], [1, 0, 3, 9, 4, 15]]
[[1, 0, 0, 0, 0, 0], [1, 1, 0, 0, 0, 0], [1, 0, 1, 0, 0, 0], [1, 0, 0, 1, 0, 0], [1, 0, 0, 0, 1, 0], [1, 3, 6, 8, 14, 15]]
[[1, 0, 0, 0, 0, 0], [1, 1, 0, 0, 0, 0], [1, 0, 1, 0, 0, 0], [1, 0, 0, 1, 0, 0], [1, 0, 0, 0, 1, 0], [1, 10, 10, 3, 8, 15]]
[[1, 0, 0, 0, 0, 0], [1, 1, 0, 0, 0, 0], [1, 0, 1, 0, 0, 0], [1, 0, 0, 1, 0, 0], [1, 0, 0, 0, 1, 0], [1, 5, 5, 9, 12, 15]]
[[1, 0, 0, 0, 0, 0], [1, 1, 0, 0, 0, 0], [1, 0, 1, 0, 0, 0], [1, 0, 0, 1, 0, 0], [1, 0, 0, 0, 1, 0], [1, 3, 7, 7, 14, 15]]
[[1, 0, 0, 0, 0, 0], [1, 1, 0, 0, 0, 0], [1, 1, 3, 0, 0, 0], [1, 0, 0, 1, 0, 0], [1, 0, 0, 0, 1, 0], [1, 0, 0, 2, 4, 5]]
[[1, 0, 0, 0, 0, 0], [1, 1, 0, 0, 0, 0], [1, 0, 1, 0, 0, 0], [1, 0, 0, 1, 0, 0], [1, 0, 0, 0, 1, 0], [1, 3, 3, 3, 7, 15]]
[[1, 0, 0, 0, 0, 0], [1, 1, 0, 0, 0, 0], [1, 0, 1, 0, 0, 0], [1, 0, 0, 1, 0, 0], [1, 0, 0, 0, 1, 0], [1, 0, 10, 3, 3, 15]]
[[1, 0, 0, 0, 0, 0], [1, 1, 0, 0, 0, 0], [1, 0, 1, 0, 0, 0], [1, 0, 0, 1, 0, 0], [1, 0, 0, 0, 1, 0], [1, 0, 10, 10, 11, 15]]
[[1, 0, 0, 0, 0, 0], [1, 1, 0, 0, 0, 0], [1, 0, 1, 0, 0, 0], [1, 0, 0, 1, 0, 0], [1, 0, 0, 0, 1, 0], [1, 0, 3, 14, 14, 15]]
[[1, 0, 0, 0, 0, 0], [1, 1, 0, 0, 0, 0], [1, 0, 1, 0, 0, 0], [1, 0, 0, 1, 0, 0], [1, 0, 0, 0, 1, 0], [1, 3, 3, 9, 1, 15]]
[[1, 0, 0, 0, 0, 0], [1, 1, 0, 0, 0, 0], [1, 0, 1, 0, 0, 0], [1, 0, 0, 1, 0, 0], [1, 0, 0, 0, 1, 0], [1, 6, 7, 7, 11, 15]]
[[1, 0, 0, 0, 0, 0], [1, 1, 0, 0, 0, 0], [1, 0, 1, 0, 0, 0], [1, 0, 0, 1, 0, 0], [1, 0, 0, 0, 1, 0], [1, 5, 10, 3, 13, 15]]
[[1, 0, 0, 0, 0, 0], [1, 1, 0, 0, 0, 0], [1, 0, 1, 0, 0, 0], [1, 0, 0, 1, 0, 0], [1, 0, 0, 0, 1, 0], [1, 6, 9, 12, 4, 15]]
[[1, 0, 0, 0, 0, 0], [1, 1, 0, 0, 0, 0], [1, 0, 1, 0, 0, 0], [1, 0, 0, 1, 0, 0], [1, 0, 0, 0, 1, 0], [1, 5, 10, 12, 4, 15]]
[[1, 0, 0, 0, 0, 0], [1, 1, 0, 0, 0, 0], [1, 0, 1, 0, 0, 0], [1, 0, 0, 1, 0, 0], [1, 0, 0, 0, 1, 0], [1, 1, 4, 4, 7, 15]]
[[1, 0, 0, 0, 0, 0], [1, 1, 0, 0, 0, 0], [1, 0, 1, 0, 0, 0], [1, 0, 0, 1, 0, 0], [1, 0, 0, 0, 1, 0], [1, 10, 2, 2, 2, 15]]
[[1, 0, 0, 0, 0, 0], [1, 1, 0, 0, 0, 0], [1, 0, 1, 0, 0, 0], [1, 0, 0, 1, 0, 0], [1, 0, 0, 0, 1, 0], [1, 5, 5, 3, 3, 15]]
[[1, 0, 0, 0, 0, 0], [1, 1, 0, 0, 0, 0], [1, 0, 1, 0, 0, 0], [1, 0, 0, 1, 0, 0], [1, 0, 0, 0, 1, 0], [1, 5, 3, 12, 11, 15]]
[[1, 0, 0, 0, 0, 0], [1, 1, 0, 0, 0, 0], [1, 0, 1, 0, 0, 0], [1, 0, 0, 1, 0, 0], [1, 0, 0, 0, 1, 0], [1, 3, 1, 13, 14, 15]]
[[1, 0, 0, 0, 0, 0], [1, 1, 0, 0, 0, 0], [1, 0, 1, 0, 0, 0], [1, 0, 0, 1, 0, 0], [1, 0, 0, 0, 1, 0], [1, 1, 2, 2, 11, 15]]
[[1, 0, 0, 0, 0, 0], [1, 1, 0, 0, 0, 0], [1, 0, 1, 0, 0, 0], [1, 0, 0, 1, 0, 0], [1, 0, 0, 0, 1, 0], [1, 5, 6, 1, 4, 15]]
[[1, 0, 0, 0, 0, 0], [1, 1, 0, 0, 0, 0], [1, 0, 1, 0, 0, 0], [1, 0, 0, 1, 0, 0], [1, 0, 0, 0, 1, 0], [1, 10, 3, 6, 12, 15]]
[[1, 0, 0, 0, 0, 0], [1, 1, 0, 0, 0, 0], [1, 0, 1, 0, 0, 0], [1, 0, 0, 1, 0, 0], [1, 0, 0, 0, 1, 0], [1, 3, 6, 6, 1, 15]]
[[1, 0, 0, 0, 0, 0], [1, 1, 0, 0, 0, 0], [1, 0, 1, 0, 0, 0], [1, 0, 0, 1, 0, 0], [1, 0, 0, 0, 1, 0], [1, 5, 3, 4, 4, 15]]
[[1, 0, 0, 0, 0, 0], [1, 1, 0, 0, 0, 0], [1, 0, 1, 0, 0, 0], [1, 0, 0, 1, 0, 0], [1, 0, 0, 0, 1, 0], [1, 0, 6, 11, 14, 15]]
[[1, 0, 0, 0, 0, 0], [1, 1, 0, 0, 0, 0], [1, 0, 1, 0, 0, 0], [1, 0, 0, 1, 0, 0], [1, 0, 0, 0, 1, 0], [1, 3, 7, 8, 13, 15]]
[[1, 0, 0, 0, 0, 0], [1, 1, 0, 0, 0, 0], [1, 0, 1, 0, 0, 0], [1, 0, 0, 1, 0, 0], [1, 0, 0, 0, 1, 0], [1, 10, 11, 11, 14, 15]]
[[1, 0, 0, 0, 0, 0], [1, 1, 0, 0, 0, 0], [1, 0, 1, 0, 0, 0], [1, 0, 0, 1, 0, 0], [1, 0, 0, 0, 1, 0], [1, 4, 4, 4, 4, 15]]
[[1, 0, 0, 0, 0, 0], [1, 1, 0, 0, 0, 0], [1, 0, 1, 0, 0, 0], [1, 0, 0, 1, 0, 0], [1, 0, 0, 0, 1, 0], [1, 3, 9, 8, 11, 15]]
[[1, 0, 0, 0, 0, 0], [1, 1, 0, 0, 0, 0], [1, 0, 1, 0, 0, 0], [1, 0, 0, 1, 0, 0], [1, 0, 0, 0, 1, 0], [1, 0, 3, 6, 7, 15]]
[[1, 0, 0, 0, 0, 0], [1, 1, 0, 0, 0, 0], [1, 0, 1, 0, 0, 0], [1, 0, 0, 1, 0, 0], [1, 0, 0, 0, 1, 0], [1, 10, 2, 8, 11, 15]]
[[1, 0, 0, 0, 0, 0], [1, 1, 0, 0, 0, 0], [1, 0, 1, 0, 0, 0], [1, 0, 0, 1, 0, 0], [1, 0, 0, 0, 1, 0], [1, 6, 12, 14, 14, 15]]
[[1, 0, 0, 0, 0, 0], [1, 1, 0, 0, 0, 0], [1, 0, 1, 0, 0, 0], [1, 0, 0, 1, 0, 0], [1, 0, 0, 0, 1, 0], [1, 0, 9, 8, 14, 15]]
[[1, 0, 0, 0, 0, 0], [1, 1, 0, 0, 0, 0], [1, 0, 1, 0, 0, 0], [1, 0, 0, 1, 0, 0], [1, 0, 0, 0, 1, 0], [1, 2, 2, 4, 8, 15]]
[[1, 0, 0, 0, 0, 0], [1, 1, 0, 0, 0, 0], [1, 0, 1, 0, 0, 0], [1, 0, 0, 1, 0, 0], [1, 0, 0, 0, 1, 0], [1, 0, 6, 6, 4, 15]]
[[1, 0, 0, 0, 0, 0], [1, 1, 0, 0, 0, 0], [1, 0, 1, 0, 0, 0], [1, 0, 0, 1, 0, 0], [1, 0, 0, 0, 1, 0], [1, 10, 12, 12, 12, 15]]
[[1, 0, 0, 0, 0, 0], [1, 1, 0, 0, 0, 0], [1, 0, 1, 0, 0, 0], [1, 0, 0, 1, 0, 0], [1, 0, 0, 0, 1, 0], [1, 5, 9, 1, 1, 15]]
[[1, 0, 0, 0, 0, 0], [1, 1, 0, 0, 0, 0], [1, 0, 1, 0, 0, 0], [1, 0, 0, 1, 0, 0], [1, 0, 0, 0, 1, 0], [1, 7, 11, 14, 14, 15]]
[[1, 0, 0, 0, 0, 0], [1, 1, 0, 0, 0, 0], [1, 0, 1, 0, 0, 0], [1, 0, 0, 1, 0, 0], [1, 0, 0, 0, 1, 0], [1, 10, 3, 9, 9, 15]]
[[1, 0, 0, 0, 0, 0], [1, 1, 0, 0, 0, 0], [1, 0, 1, 0, 0, 0], [1, 0, 0, 1, 0, 0], [1, 0, 0, 0, 1, 0], [1, 5, 6, 9, 11, 15]]
[[1, 0, 0, 0, 0, 0], [1, 1, 0, 0, 0, 0], [1, 0, 1, 0, 0, 0], [1, 0, 0, 1, 0, 0], [1, 0, 0, 0, 1, 0], [1, 1, 1, 1, 13, 15]]
[[1, 0, 0, 0, 0, 0], [1, 1, 0, 0, 0, 0], [1, 0, 1, 0, 0, 0], [1, 0, 0, 1, 0, 0], [1, 0, 0, 0, 1, 0], [1, 3, 3, 12, 13, 15]]
[[1, 0, 0, 0, 0, 0], [1, 1, 0, 0, 0, 0], [1, 0, 1, 0, 0, 0], [1, 0, 0, 1, 0, 0], [1, 0, 0, 0, 1, 0], [1, 5, 9, 4, 13, 15]]
[[1, 0, 0, 0, 0, 0], [1, 1, 0, 0, 0, 0], [1, 0, 1, 0, 0, 0], [1, 0, 0, 1, 0, 0], [1, 0, 0, 0, 1, 0], [1, 6, 1, 2, 7, 15]]
[[1, 0, 0, 0, 0, 0], [1, 1, 0, 0, 0, 0], [1, 0, 1, 0, 0, 0], [1, 0, 0, 1, 0, 0], [1, 0, 0, 0, 1, 0], [1, 0, 2, 7, 7, 15]]
[[1, 0, 0, 0, 0, 0], [1, 1, 0, 0, 0, 0], [1, 0, 1, 0, 0, 0], [1, 0, 0, 1, 0, 0], [1, 0, 0, 0, 1, 0], [1, 0, 9, 9, 13, 15]]
[[1, 0, 0, 0, 0, 0], [1, 1, 0, 0, 0, 0], [1, 0, 1, 0, 0, 0], [1, 0, 0, 1, 0, 0], [1, 0, 0, 0, 1, 0], [1, 5, 1, 11, 14, 15]]
[[1, 0, 0, 0, 0, 0], [1, 1, 0, 0, 0, 0], [1, 0, 1, 0, 0, 0], [1, 2, 2, 3, 0, 0], [1, 0, 0, 0, 1, 0], [1, 0, 0, 0, 1, 5]]
[[1, 0, 0, 0, 0, 0], [1, 1, 0, 0, 0, 0], [1, 0, 1, 0, 0, 0], [1, 0, 0, 1, 0, 0], [1, 0, 0, 0, 1, 0], [1, 3, 2, 13, 13, 15]]
[[1, 0, 0, 0, 0, 0], [1, 1, 0, 0, 0, 0], [1, 0, 1, 0, 0, 0], [1, 0, 0, 1, 0, 0], [1, 0, 0, 0, 1, 0], [1, 3, 1, 1, 11, 15]]
[[1, 0, 0, 0, 0, 0], [1, 1, 0, 0, 0, 0], [1, 0, 1, 0, 0, 0], [1, 0, 0, 1, 0, 0], [1, 0, 0, 0, 1, 0], [1, 5, 13, 14, 14, 15]]
[[1, 0, 0, 0, 0, 0], [1, 1, 0, 0, 0, 0], [1, 0, 1, 0, 0, 0], [1, 0, 0, 1, 0, 0], [1, 0, 0, 0, 1, 0], [1, 5, 3, 1, 7, 15]]
[[1, 0, 0, 0, 0, 0], [1, 1, 0, 0, 0, 0], [1, 0, 1, 0, 0, 0], [1, 0, 0, 1, 0, 0], [1, 0, 0, 0, 1, 0], [1, 9, 9, 9, 4, 15]]
[[1, 0, 0, 0, 0, 0], [1, 1, 0, 0, 0, 0], [1, 0, 1, 0, 0, 0], [1, 0, 0, 1, 0, 0], [1, 0, 0, 0, 1, 0], [1, 9, 9, 14, 14, 15]]
[[1, 0, 0, 0, 0, 0], [1, 1, 0, 0, 0, 0], [1, 0, 1, 0, 0, 0], [1, 0, 0, 1, 0, 0], [1, 0, 0, 0, 1, 0], [1, 5, 3, 9, 14, 15]]
[[1, 0, 0, 0, 0, 0], [1, 1, 0, 0, 0, 0], [1, 0, 1, 0, 0, 0], [1, 0, 0, 1, 0, 0], [1, 0, 0, 0, 1, 0], [1, 5, 5, 5, 1, 15]]
[[1, 0, 0, 0, 0, 0], [1, 1, 0, 0, 0, 0], [1, 0, 1, 0, 0, 0], [1, 0, 0, 1, 0, 0], [1, 0, 0, 0, 1, 0], [1, 3, 3, 6, 4, 15]]
[[1, 0, 0, 0, 0, 0], [1, 1, 0, 0, 0, 0], [1, 0, 1, 0, 0, 0], [1, 0, 0, 1, 0, 0], [1, 0, 0, 0, 1, 0], [1, 6, 2, 4, 4, 15]]
[[1, 0, 0, 0, 0, 0], [1, 1, 0, 0, 0, 0], [1, 0, 1, 0, 0, 0], [1, 0, 0, 1, 0, 0], [1, 0, 0, 0, 1, 0], [1, 5, 1, 2, 8, 15]]
[[1, 0, 0, 0, 0, 0], [1, 1, 0, 0, 0, 0], [1, 0, 1, 0, 0, 0], [1, 0, 0, 1, 0, 0], [1, 0, 0, 0, 1, 0], [1, 3, 6, 9, 13, 15]]
[[1, 0, 0, 0, 0, 0], [1, 1, 0, 0, 0, 0], [1, 0, 1, 0, 0, 0], [1, 0, 0, 1, 0, 0], [1, 0, 0, 0, 1, 0], [1, 0, 10, 9, 12, 15]]
[[1, 0, 0, 0, 0, 0], [1, 1, 0, 0, 0, 0], [1, 0, 1, 0, 0, 0], [1, 0, 0, 1, 0, 0], [1, 0, 0, 0, 1, 0], [1, 0, 3, 2, 11, 15]]
[[1, 0, 0, 0, 0, 0], [1, 1, 0, 0, 0, 0], [1, 0, 1, 0, 0, 0], [1, 0, 0, 1, 0, 0], [1, 0, 0, 0, 1, 0], [1, 0, 7, 11, 13, 15]]
[[1, 0, 0, 0, 0, 0], [1, 1, 0, 0, 0, 0], [1, 0, 1, 0, 0, 0], [1, 0, 0, 1, 0, 0], [1, 0, 0, 0, 1, 0], [1, 0, 5, 12, 14, 15]]
[[1, 0, 0, 0, 0, 0], [1, 1, 0, 0, 0, 0], [1, 0, 1, 0, 0, 0], [1, 0, 0, 1, 0, 0], [1, 0, 0, 0, 1, 0], [1, 9, 4, 4, 14, 15]]
[[1, 0, 0, 0, 0, 0], [1, 1, 0, 0, 0, 0], [1, 0, 1, 0, 0, 0], [1, 0, 0, 1, 0, 0], [1, 0, 0, 0, 1, 0], [1, 3, 12, 2, 14, 15]]
[[1, 0, 0, 0, 0, 0], [1, 1, 0, 0, 0, 0], [1, 0, 1, 0, 0, 0], [1, 0, 0, 1, 0, 0], [1, 0, 0, 0, 1, 0], [1, 5, 2, 2, 7, 15]]
[[1, 0, 0, 0, 0, 0], [1, 1, 0, 0, 0, 0], [1, 0, 1, 0, 0, 0], [1, 0, 0, 1, 0, 0], [1, 0, 0, 0, 1, 0], [1, 3, 12, 12, 4, 15]]
[[1, 0, 0, 0, 0, 0], [1, 1, 0, 0, 0, 0], [1, 0, 1, 0, 0, 0], [1, 0, 0, 1, 0, 0], [1, 0, 0, 0, 1, 0], [1, 3, 12, 8, 8, 15]]
[[1, 0, 0, 0, 0, 0], [1, 1, 0, 0, 0, 0], [1, 0, 1, 0, 0, 0], [1, 0, 0, 1, 0, 0], [1, 0, 0, 0, 1, 0], [1, 1, 1, 7, 7, 15]]
[[1, 0, 0, 0, 0, 0], [1, 1, 0, 0, 0, 0], [1, 0, 1, 0, 0, 0], [1, 0, 0, 1, 0, 0], [1, 0, 0, 0, 1, 0], [1, 5, 10, 2, 14, 15]]
[[1, 0, 0, 0, 0, 0], [1, 1, 0, 0, 0, 0], [1, 0, 1, 0, 0, 0], [1, 0, 0, 1, 0, 0], [1, 0, 0, 0, 1, 0], [1, 5, 5, 10, 11, 15]]
[[1, 0, 0, 0, 0, 0], [1, 1, 0, 0, 0, 0], [1, 0, 1, 0, 0, 0], [1, 0, 0, 1, 0, 0], [1, 0, 0, 0, 1, 0], [1, 3, 3, 2, 8, 15]]
[[1, 0, 0, 0, 0, 0], [1, 1, 0, 0, 0, 0], [1, 0, 1, 0, 0, 0], [1, 0, 0, 1, 0, 0], [1, 0, 0, 0, 1, 0], [1, 5, 10, 10, 6, 15]]
