[[1, 0, 0, 0, 0, 0], [1, 1, 0, 0, 0, 0], [1, 0, 1, 0, 0, 0], [1, 0, 0, 1, 0, 0], [1, 0, 0, 0, 1, 0], [1, 0, 2, 6, 10, 17]]
[[1, 0, 0, 0, 0, 0], [1, 1, 0, 0, 0, 0], [1, 0, 1, 0, 0, 0], [1, 0, 0, 1, 0, 0], [1, 0, 0, 0, 1, 0], [1, 4, 7, 12, 12, 17]]
[[1, 0, 0, 0, 0, 0], [1, 1, 0, 0, 0, 0], [1, 0, 1, 0, 0, 0], [1, 0, 0, 1, 0, 0], [1, 0, 0, 0, 1, 0], [1, 2, 3, 6, 7, 17]]
[[1, 0, 0, 0, 0, 0], [1, 1, 0, 0, 0, 0], [1, 0, 1, 0, 0, 0], [1, 0, 0, 1, 0, 0], [1, 0, 0, 0, 1, 0], [1, 0, 2, 2, 14, 17]]
[[1, 0, 0, 0, 0, 0], [1, 1, 0, 0, 0, 0], [1, 0, 1, 0, 0, 0], [1, 0, 0, 1, 0, 0], [1, 0, 0, 0, 1, 0], [1, 1, 3, 4, 10, 17]]
[[1, 0, 0, 0, 0, 0], [1, 1, 0, 0, 0, 0], [1, 0, 1, 0, 0, 0], [1, 0, 0, 1, 0, 0], [1, 0, 0, 0, 1, 0], [1, 1, 2, 5, 10, 17]]
[[1, 0, 0, 0, 0, 0], [1, 1, 0, 0, 0, 0], [1, 0, 1, 0, 0, 0], [1, 0, 0, 1, 0, 0], [1, 0, 0, 0, 1, 0], [1, 3, 5, 5, 5, 17]]
[[1, 0, 0, 0, 0, 0], [1, 1, 0, 0, 0, 0], [1, 0, 1, 0, 0, 0], [1, 0, 0, 1, 0, 0], [1, 0, 0, 0, 1, 0], [1, 2, 4, 4, 8, 17]]
[[1, 0, 0, 0, 0, 0], [1, 1, 0, 0, 0, 0], [1, 0, 1, 0, 0, 0], [1, 0, 0, 1, 0, 0], [1, 0, 0, 0, 1, 0], [1, 1, 2, 3, 12, 17]]
[[1, 0, 0, 0, 0, 0], [1, 1, 0, 0, 0, 0], [1, 0, 1, 0, 0, 0], [1, 0, 0, 1, 0, 0], [1, 0, 0, 0, 1, 0], [1, 0, 2, 8, 8, 17]]
[[1, 0, 0, 0, 0, 0], [1, 1, 0, 0, 0, 0], [1, 0, 1, 0, 0, 0], [1, 0, 0, 1, 0, 0], [1, 0, 0, 0, 1, 0], [1, 1, 4, 4, 9, 17]]
[[1, 0, 0, 0, 0, 0], [1, 1, 0, 0, 0, 0], [1, 0, 1, 0, 0, 0], [1, 0, 0, 1, 0, 0], [1, 0, 0, 0, 1, 0], [1, 2, 11, 11, 11, 17]]
[[1, 0, 0, 0, 0, 0], [1, 1, 0, 0, 0, 0], [1, 0, 1, 0, 0, 0], [1, 0, 0, 1, 0, 0], [1, 0, 0, 0, 1, 0], [1, 1, 1, 8, 8, 17]]
[[1, 0, 0, 0, 0, 0], [1, 1, 0, 0, 0, 0], [1, 0, 1, 0, 0, 0], [1, 0, 0, 1, 0, 0], [1, 0, 0, 0, 1, 0], [1, 3, 4, 12, 16, 17]]
[[1, 0, 0, 0, 0, 0], [1, 1, 0, 0, 0, 0], [1, 0, 1, 0, 0, 0], [1, 0, 0, 1, 0, 0], [1, 0, 0, 0, 1, 0], [1, 1, 1, 2, 14, 17]]
[[1, 0, 0, 0, 0, 0], [1, 1, 0, 0, 0, 0], [1, 0, 1, 0, 0, 0], [1, 0, 0, 1, 0, 0], [1, 0, 0, 0, 1, 0], [1, 1, 2, 6, 9, 17]]
[[1, 0, 0, 0, 0, 0], [1, 1, 0, 0, 0, 0], [1, 0, 1, 0, 0, 0], [1, 0, 0, 1, 0, 0], [1, 0, 0, 0, 1, 0], [1, 0, 3, 3, 12, 17]]
[[1, 0, 0, 0, 0, 0], [1, 1, 0, 0, 0, 0], [1, 0, 1, 0, 0, 0], [1, 0, 0, 1, 0, 0], [1, 0, 0, 0, 1, 0], [1, 2, 4, 6, 6, 17]]
[[1, 0, 0, 0, 0, 0], [1, 1, 0, 0, 0, 0], [1, 0, 1, 0, 0, 0], [1, 0, 0, 1, 0, 0], [1, 0, 0, 0, 1, 0], [1, 2, 9, 12, 12, 17]]
[[1, 0, 0, 0, 0, 0], [1, 1, 0, 0, 0, 0], [1, 0, 1, 0, 0, 0], [1, 0, 0, 1, 0, 0], [1, 0, 0, 0, 1, 0], [1, 0, 2, 5, 11, 17]]
[[1, 0, 0, 0, 0, 0], [1, 1, 0, 0, 0, 0], [1, 0, 1, 0, 0, 0], [1, 0, 0, 1, 0, 0], [1, 0, 0, 0, 1, 0], [1, 3, 6, 13, 13, 17]]
[[1, 0, 0, 0, 0, 0], [1, 1, 0, 0, 0, 0], [1, 0, 1, 0, 0, 0], [1, 0, 0, 1, 0, 0], [1, 0, 0, 0, 1, 0], [1, 1, 1, 7, 9, 17]]
[[1, 0, 0, 0, 0, 0], [1, 1, 0, 0, 0, 0], [1, 0, 1, 0, 0, 0], [1, 0, 0, 1, 0, 0], [1, 0, 0, 0, 1, 0], [1, 1, 4, 5, 8, 17]]
[[1, 0, 0, 0, 0, 0], [1, 1, 0, 0, 0, 0], [1, 0, 1, 0, 0, 0], [1, 0, 0, 1, 0, 0], [1, 0, 0, 0, 1, 0], [1, 1, 1, 3, 13, 17]]
[[1, 0, 0, 0, 0, 0], [1, 1, 0, 0, 0, 0], [1, 0, 1, 0, 0, 0], [1, 0, 0, 1, 0, 0], [1, 0, 0, 0, 1, 0], [1, 2, 2, 2, 12, 17]]
[[1, 0, 0, 0, 0, 0], [1, 1, 0, 0, 0, 0], [1, 0, 1, 0, 0, 0], [1, 0, 0, 1, 0, 0], [1, 0, 0, 0, 1, 0], [1, 5, 10, 10, 10, 17]]
[[1, 0, 0, 0, 0, 0], [1, 1, 0, 0, 0, 0], [1, 0, 1, 0, 0, 0], [1, 0, 0, 1, 0, 0], [1, 0, 0, 0, 1, 0], [1, 2, 2, 5, 9, 17]]
[[1, 0, 0, 0, 0, 0], [1, 1, 0, 0, 0, 0], [1, 0, 1, 0, 0, 0], [1, 0, 0, 1, 0, 0], [1, 0, 0, 0, 1, 0], [1, 3, 3, 13, 16, 17]]
[[1, 0, 0, 0, 0, 0], [1, 1, 0, 0, 0, 0], [1, 0, 1, 0, 0, 0], [1, 0, 0, 1, 0, 0], [1, 0, 0, 0, 1, 0], [1, 0, 5, 5, 8, 17]]
[[1, 0, 0, 0, 0, 0], [1, 1, 0, 0, 0, 0], [1, 0, 1, 0, 0, 0], [1, 0, 0, 1, 0, 0], [1, 0, 0, 0, 1, 0], [1, 1, 3, 7, 7, 17]]
[[1, 0, 0, 0, 0, 0], [1, 1, 0, 0, 0, 0], [1, 0, 1, 0, 0, 0], [1, 0, 0, 1, 0, 0], [1, 0, 0, 0, 1, 0], [1, 2, 2, 4, 10, 17]]
[[1, 0, 0, 0, 0, 0], [1, 1, 0, 0, 0, 0], [1, 0, 1, 0, 0, 0], [1, 0, 0, 1, 0, 0], [1, 0, 0, 0, 1, 0], [1, 3, 3, 6, 6, 17]]
[[1, 0, 0, 0, 0, 0], [1, 1, 0, 0, 0, 0], [1, 0, 1, 0, 0, 0], [1, 0, 0, 1, 0, 0], [1, 0, 0, 0, 1, 0], [1, 1, 2, 2, 13, 17]]
[[1, 0, 0, 0, 0, 0], [1, 1, 0, 0, 0, 0], [1, 0, 1, 0, 0, 0], [1, 0, 0, 1, 0, 0], [1, 0, 0, 0, 1, 0], [1, 0, 5, 15, 15, 17]]
[[1, 0, 0, 0, 0, 0], [1, 1, 0, 0, 0, 0], [1, 0, 1, 0, 0, 0], [1, 0, 0, 1, 0, 0], [1, 0, 0, 0, 1, 0], [1, 2, 2, 6, 8, 17]]
[[1, 0, 0, 0, 0, 0], [1, 1, 0, 0, 0, 0], [1, 0, 1, 0, 0, 0], [1, 0, 0, 1, 0, 0], [1, 0, 0, 0, 1, 0], [1, 1, 4, 6, 7, 17]]
[[1, 0, 0, 0, 0, 0], [1, 1, 0, 0, 0, 0], [1, 0, 1, 0, 0, 0], [1, 0, 0, 1, 0, 0], [1, 0, 0, 0, 1, 0], [1, 8, 14, 14, 16, 17]]
[[1, 0, 0, 0, 0, 0], [1, 1, 0, 0, 0, 0], [1, 0, 1, 0, 0, 0], [1, 0, 0, 1, 0, 0], [1, 0, 0, 0, 1, 0], [1, 0, 4, 7, 7, 17]]
[[1, 0, 0, 0, 0, 0], [1, 1, 0, 0, 0, 0], [1, 0, 1, 0, 0, 0], [1, 0, 0, 1, 0, 0], [1, 0, 0, 0, 1, 0], [1, 1, 2, 7, 8, 17]]
[[1, 0, 0, 0, 0, 0], [1, 1, 0, 0, 0, 0], [1, 0, 1, 0, 0, 0], [1, 0, 0, 1, 0, 0], [1, 0, 0, 0, 1, 0], [1, 1, 5, 5, 7, 17]]
[[1, 0, 0, 0, 0, 0], [1, 1, 0, 0, 0, 0], [1, 0, 1, 0, 0, 0], [1, 0, 0, 1, 0, 0], [1, 0, 0, 0, 1, 0], [1, 2, 7, 12, 14, 17]]
[[1, 0, 0, 0, 0, 0], [1, 1, 0, 0, 0, 0], [1, 0, 1, 0, 0, 0], [1, 0, 0, 1, 0, 0], [1, 0, 0, 0, 1, 0], [1, 10, 10, 16, 16, 17]]
[[1, 0, 0, 0, 0, 0], [1, 1, 0, 0, 0, 0], [1, 0, 1, 0, 0, 0], [1, 0, 0, 1, 0, 0], [1, 0, 0, 0, 1, 0], [1, 2, 3, 3, 10, 17]]
[[1, 0, 0, 0, 0, 0], [1, 1, 0, 0, 0, 0], [1, 0, 1, 0, 0, 0], [1, 0, 0, 1, 0, 0], [1, 0, 0, 0, 1, 0], [1, 5, 15, 16, 16, 17]]
[[1, 0, 0, 0, 0, 0], [1, 1, 0, 0, 0, 0], [1, 0, 1, 0, 0, 0], [1, 0, 0, 1, 0, 0], [1, 0, 0, 0, 1, 0], [1, 0, 3, 16, 16, 17]]
[[1, 0, 0, 0, 0, 0], [1, 1, 0, 0, 0, 0], [1, 0, 1, 0, 0, 0], [1, 0, 0, 1, 0, 0], [1, 0, 0, 0, 1, 0], [1, 0, 2, 3, 13, 17]]
[[1, 0, 0, 0, 0, 0], [1, 1, 0, 0, 0, 0], [1, 0, 1, 0, 0, 0], [1, 0, 0, 1, 0, 0], [1, 0, 0, 0, 1, 0], [1, 1, 5, 6, 6, 17]]
[[1, 0, 0, 0, 0, 0], [1, 1, 0, 0, 0, 0], [1, 0, 1, 0, 0, 0], [1, 0, 0, 1, 0, 0], [1, 0, 0, 0, 1, 0], [1, 4, 7, 8, 16, 17]]
[[1, 0, 0, 0, 0, 0], [1, 1, 0, 0, 0, 0], [1, 0, 1, 0, 0, 0], [1, 0, 0, 1, 0, 0], [1, 0, 0, 0, 1, 0], [1, 2, 6, 13, 14, 17]]
[[1, 0, 0, 0, 0, 0], [1, 1, 0, 0, 0, 0], [1, 0, 1, 0, 0, 0], [1, 0, 0, 1, 0, 0], [1, 0, 0, 0, 1, 0], [1, 1, 3, 6, 8, 17]]
[[1, 0, 0, 0, 0, 0], [1, 1, 0, 0, 0, 0], [1, 0, 1, 0, 0, 0], [1, 0, 0, 1, 0, 0], [1, 0, 0, 0, 1, 0], [1, 2, 2, 7, 7, 17]]
[[1, 0, 0, 0, 0, 0], [1, 1, 0, 0, 0, 0], [1, 0, 1, 0, 0, 0], [1, 0, 0, 1, 0, 0], [1, 0, 0, 0, 1, 0], [1, 1, 1, 6, 10, 17]]
[[1, 0, 0, 0, 0, 0], [1, 1, 0, 0, 0, 0], [1, 0, 1, 0, 0, 0], [1, 0, 0, 1, 0, 0], [1, 0, 0, 0, 1, 0], [1, 0, 3, 5, 10, 17]]
[[1, 0, 0, 0, 0, 0], [1, 1, 0, 0, 0, 0], [1, 0, 1, 0, 0, 0], [1, 0, 0, 1, 0, 0], [1, 0, 0, 0, 1, 0], [1, 5, 5, 10, 15, 17]]
[[1, 0, 0, 0, 0, 0], [1, 1, 0, 0, 0, 0], [1, 0, 1, 0, 0, 0], [1, 0, 0, 1, 0, 0], [1, 0, 0, 0, 1, 0], [1, 4, 16, 16, 16, 17]]
[[1, 0, 0, 0, 0, 0], [1, 1, 0, 0, 0, 0], [1, 0, 1, 0, 0, 0], [1, 0, 0, 1, 0, 0], [1, 0, 0, 0, 1, 0], [1, 2, 2, 3, 11, 17]]
[[1, 0, 0, 0, 0, 0], [1, 1, 0, 0, 0, 0], [1, 0, 1, 0, 0, 0], [1, 0, 0, 1, 0, 0], [1, 0, 0, 0, 1, 0], [1, 2, 3, 4, 9, 17]]
[[1, 0, 0, 0, 0, 0], [1, 1, 0, 0, 0, 0], [1, 0, 1, 0, 0, 0], [1, 0, 0, 1, 0, 0], [1, 0, 0, 0, 1, 0], [1, 2, 8, 11, 14, 17]]
[[1, 0, 0, 0, 0, 0], [1, 1, 0, 0, 0, 0], [1, 0, 1, 0, 0, 0], [1, 0, 0, 1, 0, 0], [1, 0, 0, 0, 1, 0], [1, 3, 3, 4, 8, 17]]
[[1, 0, 0, 0, 0, 0], [1, 1, 0, 0, 0, 0], [1, 0, 1, 0, 0, 0], [1, 0, 0, 1, 0, 0], [1, 0, 0, 0, 1, 0], [1, 1, 3, 3, 11, 17]]
[[1, 0, 0, 0, 0, 0], [1, 1, 0, 0, 0, 0], [1, 0, 1, 0, 0, 0], [1, 0, 0, 1, 0, 0], [1, 0, 0, 0, 1, 0], [1, 1, 1, 4, 12, 17]]
[[1, 0, 0, 0, 0, 0], [1, 1, 0, 0, 0, 0], [1, 0, 1, 0, 0, 0], [1, 0, 0, 1, 0, 0], [1, 0, 0, 0, 1, 0], [1, 1, 1, 5, 11, 17]]
[[1, 0, 0, 0, 0, 0], [1, 1, 0, 0, 0, 0], [1, 0, 1, 0, 0, 0], [1, 0, 0, 1, 0, 0], [1, 0, 0, 0, 1, 0], [1, 2, 5, 14, 14, 17]]
[[1, 0, 0, 0, 0, 0], [1, 1, 0, 0, 0, 0], [1, 0, 1, 0, 0, 0], [1, 0, 0, 1, 0, 0], [1, 0, 0, 0, 1, 0], [1, 1, 1, 1, 15, 17]]
[[1, 0, 0, 0, 0, 0], [1, 1, 0, 0, 0, 0], [1, 0, 1, 0, 0, 0], [1, 0, 0, 1, 0, 0], [1, 0, 0, 0, 1, 0], [1, 1, 2, 4, 11, 17]]
[[1, 0, 0, 0, 0, 0], [1, 1, 0, 0, 0, 0], [1, 0, 1, 0, 0, 0], [1, 0, 0, 1, 0, 0], [1, 0, 0, 0, 1, 0], [1, 2, 3, 5, 8, 17]]
[[1, 0, 0, 0, 0, 0], [1, 1, 0, 0, 0, 0], [1, 0, 1, 0, 0, 0], [1, 0, 0, 1, 0, 0], [1, 0, 0, 0, 1, 0], [1, 0, 2, 4, 12, 17]]
[[1, 0, 0, 0, 0, 0], [1, 1, 0, 0, 0, 0], [1, 0, 1, 0, 0, 0], [1, 0, 0, 1, 0, 0], [1, 0, 0, 0, 1, 0], [1, 4, 4, 11, 16, 17]]
[[1, 0, 0, 0, 0, 0], [1, 1, 0, 0, 0, 0], [1, 0, 1, 0, 0, 0], [1, 0, 0, 1, 0, 0], [1, 0, 0, 0, 1, 0], [1, 1, 3, 5, 9, 17]]
