[[1, 0, 0, 0, 0, 0], [1, 1, 0, 0, 0, 0], [1, 0, 1, 0, 0, 0], [1, 0, 0, 1, 0, 0], [1, 0, 0, 1, 3, 0], [1, 0, 5, 2, 3, 6]]
[[1, 0, 0, 0, 0, 0], [1, 1, 0, 0, 0, 0], [1, 0, 1, 0, 0, 0], [1, 0, 0, 1, 0, 0], [1, 0, 0, 0, 1, 0], [1, 9, 12, 12, 4, 18]]
[[1, 0, 0, 0, 0, 0], [1, 1, 0, 0, 0, 0], [1, 0, 1, 0, 0, 0], [1, 0, 0, 1, 0, 0], [1, 0, 0, 0, 1, 0], [1, 6, 3, 14, 14, 18]]
[[1, 0, 0, 0, 0, 0], [1, 1, 0, 0, 0, 0], [1, 0, 1, 0, 0, 0], [1, 0, 0, 1, 0, 0], [1, 0, 0, 0, 1, 0], [1, 0, 2, 4, 13, 18]]
[[1, 0, 0, 0, 0, 0], [1, 1, 0, 0, 0, 0], [1, 0, 1, 0, 0, 0], [1, 0, 0, 1, 0, 0], [1, 0, 0, 0, 1, 0], [1, 4, 1, 1, 13, 18]]
[[1, 0, 0, 0, 0, 0], [1, 1, 0, 0, 0, 0], [1, 0, 1, 0, 0, 0], [1, 0, 0, 1, 0, 0], [1, 0, 0, 1, 3, 0], [1, 0, 1, 0, 3, 6]]
[[1, 0, 0, 0, 0, 0], [1, 1, 0, 0, 0, 0], [1, 0, 1, 0, 0, 0], [1, 0, 0, 1, 0, 0], [1, 0, 0, 0, 1, 0], [1, 3, 2, 16, 16, 18]]
[[1, 0, 0, 0, 0, 0], [1, 1, 0, 0, 0, 0], [1, 0, 1, 0, 0, 0], [1, 0, 0, 1, 0, 0], [1, 0, 0, 0, 1, 0], [1, 0, 9, 6, 4, 18]]
[[1, 0, 0, 0, 0, 0], [1, 1, 0, 0, 0, 0], [1, 0, 1, 0, 0, 0], [1, 0, 0, 1, 0, 0], [1, 0, 0, 0, 1, 0], [1, 9, 3, 2, 5, 18]]
[[1, 0, 0, 0, 0, 0], [1, 1, 0, 0, 0, 0], [1, 0, 1, 0, 0, 0], [1, 0, 0, 1, 0, 0], [1, 0, 0, 0, 1, 0], [1, 2, 2, 8, 7, 18]]
[[1, 0, 0, 0, 0, 0], [1, 1, 0, 0, 0, 0], [1, 0, 1, 0, 0, 0], [1, 0, 0, 1, 0, 0], [1, 0, 0, 0, 1, 0], [1, 9, 3, 8, 17, 18]]
[[1, 0, 0, 0, 0, 0], [1, 1, 0, 0, 0, 0], [1, 0, 1, 0, 0, 0], [1, 0, 0, 1, 0, 0], [1, 0, 0, 0, 1, 0], [1, 15, 4, 4, 14, 18]]
[[1, 0, 0, 0, 0, 0], [1, 1, 0, 0, 0, 0], [1, 0, 1, 0, 0, 0], [1, 0, 0, 1, 0, 0], [1, 0, 0, 0, 1, 0], [1, 3, 4, 14, 16, 18]]
[[1, 0, 0, 0, 0, 0], [1, 1, 0, 0, 0, 0], [1, 0, 1, 0, 0, 0], [1, 0, 0, 1, 0, 0], [1, 0, 0, 0, 1, 0], [1, 0, 0, 9, 10, 18]]
[[1, 0, 0, 0, 0, 0], [1, 1, 0, 0, 0, 0], [1, 0, 1, 0, 0, 0], [1, 0, 0, 1, 0, 0], [1, 0, 0, 0, 1, 0], [1, 6, 4, 10, 17, 18]]
[[1, 0, 0, 0, 0, 0], [1, 1, 0, 0, 0, 0], [1, 0, 1, 0, 0, 0], [1, 0, 0, 1, 0, 0], [1, 0, 0, 0, 1, 0], [1, 9, 4, 11, 13, 18]]
[[1, 0, 0, 0, 0, 0], [1, 1, 0, 0, 0, 0], [1, 0, 1, 0, 0, 0], [1, 0, 0, 1, 0, 0], [1, 0, 0, 0, 1, 0], [1, 6, 6, 3, 4, 18]]
[[1, 0, 0, 0, 0, 0], [1, 1, 0, 0, 0, 0], [1, 0, 1, 0, 0, 0], [1, 0, 0, 1, 0, 0], [1, 1, 1, 2, 3, 0], [1, 1, 2, 1, 3, 6]]
[[1, 0, 0, 0, 0, 0], [1, 1, 0, 0, 0, 0], [1, 1, 2, 0, 0, 0], [1, 0, 0, 1, 0, 0], [1, 0, 0, 0, 1, 0], [1, 3, 3, 8, 8, 9]]
[[1, 0, 0, 0, 0, 0], [1, 1, 0, 0, 0, 0], [1, 0, 1, 0, 0, 0], [1, 0, 0, 1, 0, 0], [1, 0, 0, 0, 1, 0], [1, 9, 4, 8, 16, 18]]
[[1, 0, 0, 0, 0, 0], [1, 1, 0, 0, 0, 0], [1, 0, 1, 0, 0, 0], [1, 0, 0, 1, 0, 0], [1, 0, 0, 0, 1, 0], [1, 2, 2, 10, 5, 18]]
[[1, 0, 0, 0, 0, 0], [1, 1, 0, 0, 0, 0], [1, 0, 1, 0, 0, 0], [1, 0, 0, 1, 0, 0], [1, 0, 0, 0, 1, 0], [1, 6, 8, 10, 13, 18]]
[[1, 0, 0, 0, 0, 0], [1, 1, 0, 0, 0, 0], [1, 1, 2, 0, 0, 0], [1, 0, 0, 1, 0, 0], [1, 0, 0, 0, 1, 0], [1, 3, 6, 2, 5, 9]]
[[1, 0, 0, 0, 0, 0], [1, 1, 0, 0, 0, 0], [1, 0, 1, 0, 0, 0], [1, 0, 0, 1, 0, 0], [1, 0, 0, 0, 1, 0], [1, 3, 8, 1, 7, 18]]
[[1, 0, 0, 0, 0, 0], [1, 1, 0, 0, 0, 0], [1, 0, 1, 0, 0, 0], [1, 2, 2, 3, 0, 0], [1, 0, 0, 0, 1, 0], [1, 0, 0, 0, 1, 6]]
[[1, 0, 0, 0, 0, 0], [1, 1, 0, 0, 0, 0], [1, 0, 1, 0, 0, 0], [1, 0, 0, 1, 0, 0], [1, 0, 0, 0, 1, 0], [1, 6, 12, 2, 17, 18]]
[[1, 0, 0, 0, 0, 0], [1, 1, 0, 0, 0, 0], [1, 0, 1, 0, 0, 0], [1, 0, 0, 1, 0, 0], [1, 0, 0, 0, 1, 0], [1, 3, 16, 1, 17, 18]]
[[1, 0, 0, 0, 0, 0], [1, 1, 0, 0, 0, 0], [1, 0, 1, 0, 0, 0], [1, 0, 0, 1, 0, 0], [1, 0, 0, 0, 1, 0], [1, 2, 2, 16, 17, 18]]
[[1, 0, 0, 0, 0, 0], [1, 1, 0, 0, 0, 0], [1, 0, 1, 0, 0, 0], [1, 0, 0, 1, 0, 0], [1, 0, 0, 0, 1, 0], [1, 0, 6, 6, 7, 18]]
[[1, 0, 0, 0, 0, 0], [1, 1, 0, 0, 0, 0], [1, 0, 1, 0, 0, 0], [1, 0, 0, 1, 0, 0], [1, 0, 0, 0, 1, 0], [1, 6, 14, 16, 1, 18]]
[[1, 0, 0, 0, 0, 0], [1, 1, 0, 0, 0, 0], [1, 0, 1, 0, 0, 0], [1, 0, 0, 1, 0, 0], [1, 0, 0, 0, 1, 0], [1, 9, 14, 7, 7, 18]]
[[1, 0, 0, 0, 0, 0], [1, 1, 0, 0, 0, 0], [1, 0, 1, 0, 0, 0], [1, 0, 0, 1, 0, 0], [1, 0, 0, 0, 1, 0], [1, 2, 5, 5, 7, 18]]
[[1, 0, 0, 0, 0, 0], [1, 1, 0, 0, 0, 0], [1, 0, 1, 0, 0, 0], [1, 0, 0, 1, 0, 0], [1, 0, 0, 0, 1, 0], [1, 0, 3, 8, 8, 18]]
[[1, 0, 0, 0, 0, 0], [1, 1, 0, 0, 0, 0], [1, 0, 1, 0, 0, 0], [1, 2, 2, 3, 0, 0], [1, 0, 0, 0, 1, 0], [1, 0, 2, 0, 5, 6]]
[[1, 0, 0, 0, 0, 0], [1, 1, 0, 0, 0, 0], [1, 0, 1, 0, 0, 0], [1, 0, 0, 1, 0, 0], [1, 0, 0, 0, 1, 0], [1, 9, 9, 6, 13, 18]]
[[1, 0, 0, 0, 0, 0], [1, 1, 0, 0, 0, 0], [1, 0, 1, 0, 0, 0], [1, 0, 0, 1, 0, 0], [1, 1, 0, 0, 3, 0], [1, 1, 1, 5, 3, 6]]
[[1, 0, 0, 0, 0, 0], [1, 1, 0, 0, 0, 0], [1, 0, 1, 0, 0, 0], [1, 0, 0, 1, 0, 0], [1, 0, 0, 0, 1, 0], [1, 9, 4, 1, 5, 18]]
[[1, 0, 0, 0, 0, 0], [1, 1, 0, 0, 0, 0], [1, 0, 1, 0, 0, 0], [1, 0, 0, 1, 0, 0], [1, 0, 0, 0, 1, 0], [1, 0, 3, 15, 1, 18]]
[[1, 0, 0, 0, 0, 0], [1, 1, 0, 0, 0, 0], [1, 0, 1, 0, 0, 0], [1, 0, 0, 1, 0, 0], [1, 0, 0, 0, 1, 0], [1, 2, 7, 11, 17, 18]]
[[1, 0, 0, 0, 0, 0], [1, 1, 0, 0, 0, 0], [1, 0, 1, 0, 0, 0], [1, 0, 0, 1, 0, 0], [1, 0, 0, 0, 1, 0], [1, 6, 6, 6, 1, 18]]
[[1, 0, 0, 0, 0, 0], [1, 1, 0, 0, 0, 0], [1, 0, 1, 0, 0, 0], [1, 0, 0, 1, 0, 0], [1, 0, 0, 0, 1, 0], [1, 0, 4, 14, 1, 18]]
[[1, 0, 0, 0, 0, 0], [1, 1, 0, 0, 0, 0], [1, 0, 1, 0, 0, 0], [1, 0, 0, 1, 0, 0], [1, 0, 0, 0, 1, 0], [1, 12, 4, 10, 11, 18]]
[[1, 0, 0, 0, 0, 0], [1, 1, 0, 0, 0, 0], [1, 0, 1, 0, 0, 0], [1, 0, 0, 1, 0, 0], [1, 0, 0, 0, 1, 0], [1, 15, 8, 16, 16, 18]]
[[1, 0, 0, 0, 0, 0], [1, 1, 0, 0, 0, 0], [1, 0, 1, 0, 0, 0], [1, 0, 0, 1, 0, 0], [1, 0, 0, 0, 1, 0], [1, 14, 7, 17, 17, 18]]
[[1, 0, 0, 0, 0, 0], [1, 1, 0, 0, 0, 0], [1, 0, 1, 0, 0, 0], [1, 0, 0, 1, 0, 0], [1, 0, 0, 0, 1, 0], [1, 6, 3, 15, 13, 18]]
[[1, 0, 0, 0, 0, 0], [1, 1, 0, 0, 0, 0], [1, 0, 1, 0, 0, 0], [1, 0, 0, 1, 0, 0], [1, 0, 0, 0, 1, 0], [1, 6, 1, 1, 11, 18]]
[[1, 0, 0, 0, 0, 0], [1, 1, 0, 0, 0, 0], [1, 0, 1, 0, 0, 0], [1, 0, 0, 1, 0, 0], [1, 0, 0, 0, 1, 0], [1, 6, 1, 5, 7, 18]]
[[1, 0, 0, 0, 0, 0], [1, 1, 0, 0, 0, 0], [1, 0, 1, 0, 0, 0], [1, 0, 0, 1, 0, 0], [1, 0, 0, 0, 1, 0], [1, 10, 10, 10, 7, 18]]
[[1, 0, 0, 0, 0, 0], [1, 1, 0, 0, 0, 0], [1, 0, 1, 0, 0, 0], [1, 0, 0, 1, 0, 0], [1, 0, 0, 0, 1, 0], [1, 3, 3, 2, 11, 18]]
[[1, 0, 0, 0, 0, 0], [1, 1, 0, 0, 0, 0], [1, 0, 1, 0, 0, 0], [1, 0, 0, 1, 0, 0], [1, 0, 0, 0, 1, 0], [1, 6, 3, 2, 8, 18]]
[[1, 0, 0, 0, 0, 0], [1, 1, 0, 0, 0, 0], [1, 0, 1, 0, 0, 0], [1, 0, 0, 1, 0, 0], [1, 0, 0, 0, 1, 0], [1, 0, 15, 2, 2, 18]]
[[1, 0, 0, 0, 0, 0], [1, 1, 0, 0, 0, 0], [1, 0, 1, 0, 0, 0], [1, 0, 0, 1, 0, 0], [1, 0, 0, 0, 1, 0], [1, 2, 1, 5, 11, 18]]
[[1, 0, 0, 0, 0, 0], [1, 1, 0, 0, 0, 0], [1, 0, 1, 0, 0, 0], [1, 0, 0, 1, 0, 0], [1, 0, 0, 0, 1, 0], [1, 9, 2, 1, 7, 18]]
[[1, 0, 0, 0, 0, 0], [1, 1, 0, 0, 0, 0], [1, 0, 1, 0, 0, 0], [1, 0, 0, 1, 0, 0], [1, 0, 0, 0, 1, 0], [1, 0, 0, 2, 17, 18]]
[[1, 0, 0, 0, 0, 0], [1, 1, 0, 0, 0, 0], [1, 0, 1, 0, 0, 0], [1, 0, 0, 1, 0, 0], [1, 0, 0, 0, 1, 0], [1, 0, 6, 12, 1, 18]]
[[1, 0, 0, 0, 0, 0], [1, 1, 0, 0, 0, 0], [1, 0, 1, 0, 0, 0], [1, 0, 0, 1, 0, 0], [1, 0, 0, 0, 1, 0], [1, 0, 5, 7, 7, 18]]
[[1, 0, 0, 0, 0, 0], [1, 1, 0, 0, 0, 0], [1, 0, 1, 0, 0, 0], [1, 0, 0, 1, 0, 0], [1, 0, 0, 0, 1, 0], [1, 0, 6, 3, 10, 18]]
[[1, 0, 0, 0, 0, 0], [1, 1, 0, 0, 0, 0], [1, 0, 1, 0, 0, 0], [1, 0, 0, 1, 0, 0], [1, 0, 0, 0, 1, 0], [1, 0, 9, 5, 5, 18]]
[[1, 0, 0, 0, 0, 0], [1, 1, 0, 0, 0, 0], [1, 0, 1, 0, 0, 0], [1, 0, 0, 1, 0, 0], [1, 0, 0, 1, 3, 0], [1, 0, 3, 4, 0, 6]]
[[1, 0, 0, 0, 0, 0], [1, 1, 0, 0, 0, 0], [1, 0, 1, 0, 0, 0], [1, 0, 0, 1, 0, 0], [1, 0, 0, 0, 1, 0], [1, 12, 12, 14, 17, 18]]
[[1, 0, 0, 0, 0, 0], [1, 1, 0, 0, 0, 0], [1, 0, 1, 0, 0, 0], [1, 0, 0, 1, 0, 0], [1, 0, 0, 0, 1, 0], [1, 2, 2, 4, 11, 18]]
[[1, 0, 0, 0, 0, 0], [1, 1, 0, 0, 0, 0], [1, 0, 1, 0, 0, 0], [1, 0, 0, 1, 0, 0], [1, 0, 0, 0, 1, 0], [1, 6, 6, 15, 10, 18]]
[[1, 0, 0, 0, 0, 0], [1, 1, 0, 0, 0, 0], [1, 0, 1, 0, 0, 0], [1, 0, 0, 1, 0, 0], [1, 0, 0, 0, 1, 0], [1, 9, 12, 5, 11, 18]]
[[1, 0, 0, 0, 0, 0], [1, 1, 0, 0, 0, 0], [1, 0, 1, 0, 0, 0], [1, 0, 2, 3, 0, 0], [1, 0, 0, 0, 1, 0], [1, 2, 2, 0, 5, 6]]
[[1, 0, 0, 0, 0, 0], [1, 1, 0, 0, 0, 0], [1, 0, 1, 0, 0, 0], [1, 0, 0, 1, 0, 0], [1, 0, 2, 2, 3, 0], [1, 2, 1, 1, 3, 6]]
[[1, 0, 0, 0, 0, 0], [1, 1, 0, 0, 0, 0], [1, 0, 1, 0, 0, 0], [1, 0, 0, 1, 0, 0], [1, 0, 0, 0, 1, 0], [1, 0, 0, 0, 1, 18]]
[[1, 0, 0, 0, 0, 0], [1, 1, 0, 0, 0, 0], [1, 1, 2, 0, 0, 0], [1, 0, 0, 1, 0, 0], [1, 0, 0, 0, 1, 0], [1, 0, 0, 3, 7, 9]]
[[1, 0, 0, 0, 0, 0], [1, 1, 0, 0, 0, 0], [1, 0, 1, 0, 0, 0], [1, 0, 0, 1, 0, 0], [1, 0, 0, 0, 1, 0], [1, 6, 2, 16, 13, 18]]
[[1, 0, 0, 0, 0, 0], [1, 1, 0, 0, 0, 0], [1, 0, 1, 0, 0, 0], [1, 0, 0, 1, 0, 0], [1, 0, 0, 1, 3, 0], [1, 3, 4, 0, 0, 6]]
[[1, 0, 0, 0, 0, 0], [1, 1, 0, 0, 0, 0], [1, 0, 1, 0, 0, 0], [1, 0, 0, 1, 0, 0], [1, 0, 0, 0, 1, 0], [1, 0, 3, 17, 17, 18]]
[[1, 0, 0, 0, 0, 0], [1, 1, 0, 0, 0, 0], [1, 0, 1, 0, 0, 0], [1, 0, 0, 1, 0, 0], [1, 0, 0, 0, 1, 0], [1, 0, 1, 5, 13, 18]]
[[1, 0, 0, 0, 0, 0], [1, 1, 0, 0, 0, 0], [1, 0, 1, 0, 0, 0], [1, 0, 0, 1, 0, 0], [1, 0, 0, 0, 1, 0], [1, 9, 6, 5, 17, 18]]
[[1, 0, 0, 0, 0, 0], [1, 1, 0, 0, 0, 0], [1, 0, 1, 0, 0, 0], [1, 0, 0, 1, 0, 0], [1, 0, 2, 2, 3, 0], [1, 0, 2, 2, 3, 6]]
[[1, 0, 0, 0, 0, 0], [1, 1, 0, 0, 0, 0], [1, 0, 1, 0, 0, 0], [1, 0, 0, 1, 0, 0], [1, 0, 0, 0, 1, 0], [1, 0, 4, 16, 17, 18]]
[[1, 0, 0, 0, 0, 0], [1, 1, 0, 0, 0, 0], [1, 0, 1, 0, 0, 0], [1, 0, 1, 3, 0, 0], [1, 0, 0, 0, 1, 0], [1, 0, 0, 0, 1, 6]]
[[1, 0, 0, 0, 0, 0], [1, 1, 0, 0, 0, 0], [1, 0, 1, 0, 0, 0], [1, 0, 0, 1, 0, 0], [1, 0, 0, 0, 1, 0], [1, 3, 8, 13, 13, 18]]
[[1, 0, 0, 0, 0, 0], [1, 1, 0, 0, 0, 0], [1, 0, 1, 0, 0, 0], [1, 0, 0, 1, 0, 0], [1, 0, 0, 0, 1, 0], [1, 9, 2, 13, 13, 18]]
[[1, 0, 0, 0, 0, 0], [1, 1, 0, 0, 0, 0], [1, 0, 1, 0, 0, 0], [1, 0, 0, 1, 0, 0], [1, 0, 0, 0, 1, 0], [1, 3, 3, 14, 17, 18]]
[[1, 0, 0, 0, 0, 0], [1, 1, 0, 0, 0, 0], [1, 0, 1, 0, 0, 0], [1, 0, 0, 1, 0, 0], [1, 0, 0, 0, 1, 0], [1, 3, 3, 15, 16, 18]]
[[1, 0, 0, 0, 0, 0], [1, 1, 0, 0, 0, 0], [1, 0, 1, 0, 0, 0], [1, 0, 0, 1, 0, 0], [1, 0, 0, 0, 1, 0], [1, 9, 9, 15, 4, 18]]
[[1, 0, 0, 0, 0, 0], [1, 1, 0, 0, 0, 0], [1, 0, 1, 0, 0, 0], [1, 0, 0, 1, 0, 0], [1, 0, 0, 0, 1, 0], [1, 4, 17, 17, 17, 18]]
[[1, 0, 0, 0, 0, 0], [1, 1, 0, 0, 0, 0], [1, 0, 1, 0, 0, 0], [1, 0, 0, 1, 0, 0], [1, 0, 0, 0, 1, 0], [1, 6, 2, 10, 1, 18]]
[[1, 0, 0, 0, 0, 0], [1, 1, 0, 0, 0, 0], [1, 0, 1, 0, 0, 0], [1, 0, 0, 1, 0, 0], [1, 0, 0, 0, 1, 0], [1, 9, 3, 15, 10, 18]]
[[1, 0, 0, 0, 0, 0], [1, 1, 0, 0, 0, 0], [1, 0, 1, 0, 0, 0], [1, 0, 1, 3, 0, 0], [1, 0, 0, 0, 1, 0], [1, 2, 4, 0, 1, 6]]
[[1, 0, 0, 0, 0, 0], [1, 1, 0, 0, 0, 0], [1, 0, 1, 0, 0, 0], [1, 0, 0, 1, 0, 0], [1, 0, 0, 0, 1, 0], [1, 3, 15, 15, 4, 18]]
[[1, 0, 0, 0, 0, 0], [1, 1, 0, 0, 0, 0], [1, 0, 1, 0, 0, 0], [1, 0, 1, 2, 0, 0], [1, 0, 0, 0, 1, 0], [1, 0, 3, 3, 7, 9]]
[[1, 0, 0, 0, 0, 0], [1, 1, 0, 0, 0, 0], [1, 0, 1, 0, 0, 0], [1, 0, 0, 1, 0, 0], [1, 0, 0, 0, 1, 0], [1, 4, 4, 16, 13, 18]]
[[1, 0, 0, 0, 0, 0], [1, 1, 0, 0, 0, 0], [1, 0, 1, 0, 0, 0], [1, 0, 0, 1, 0, 0], [1, 0, 0, 0, 1, 0], [1, 9, 15, 15, 16, 18]]
[[1, 0, 0, 0, 0, 0], [1, 1, 0, 0, 0, 0], [1, 0, 1, 0, 0, 0], [1, 0, 0, 1, 0, 0], [1, 0, 0, 0, 1, 0], [1, 2, 4, 8, 5, 18]]
[[1, 0, 0, 0, 0, 0], [1, 1, 0, 0, 0, 0], [1, 0, 1, 0, 0, 0], [1, 0, 0, 1, 0, 0], [1, 0, 0, 0, 1, 0], [1, 8, 8, 8, 13, 18]]
[[1, 0, 0, 0, 0, 0], [1, 1, 0, 0, 0, 0], [1, 0, 1, 0, 0, 0], [1, 0, 0, 1, 0, 0], [1, 0, 2, 2, 3, 0], [1, 4, 2, 4, 0, 6]]
[[1, 0, 0, 0, 0, 0], [1, 1, 0, 0, 0, 0], [1, 0, 1, 0, 0, 0], [1, 0, 0, 1, 0, 0], [1, 0, 0, 0, 1, 0], [1, 0, 3, 2, 14, 18]]
[[1, 0, 0, 0, 0, 0], [1, 1, 0, 0, 0, 0], [1, 0, 1, 0, 0, 0], [1, 0, 0, 1, 0, 0], [1, 0, 0, 0, 1, 0], [1, 6, 6, 2, 5, 18]]
[[1, 0, 0, 0, 0, 0], [1, 1, 0, 0, 0, 0], [1, 0, 1, 0, 0, 0], [1, 0, 0, 1, 0, 0], [1, 0, 0, 1, 3, 0], [1, 0, 2, 5, 3, 6]]
[[1, 0, 0, 0, 0, 0], [1, 1, 0, 0, 0, 0], [1, 0, 1, 0, 0, 0], [1, 0, 0, 1, 0, 0], [1, 0, 0, 0, 1, 0], [1, 2, 8, 10, 17, 18]]
[[1, 0, 0, 0, 0, 0], [1, 1, 0, 0, 0, 0], [1, 0, 1, 0, 0, 0], [1, 0, 0, 1, 0, 0], [1, 0, 0, 0, 1, 0], [1, 12, 12, 15, 16, 18]]
[[1, 0, 0, 0, 0, 0], [1, 1, 0, 0, 0, 0], [1, 0, 1, 0, 0, 0], [1, 0, 0, 1, 0, 0], [1, 0, 0, 1, 3, 0], [1, 2, 5, 0, 3, 6]]
[[1, 0, 0, 0, 0, 0], [1, 1, 0, 0, 0, 0], [1, 0, 1, 0, 0, 0], [1, 0, 0, 1, 0, 0], [1, 0, 2, 2, 3, 0], [1, 2, 4, 4, 3, 6]]
[[1, 0, 0, 0, 0, 0], [1, 1, 0, 0, 0, 0], [1, 0, 1, 0, 0, 0], [1, 0, 0, 1, 0, 0], [1, 0, 0, 0, 1, 0], [1, 15, 15, 8, 17, 18]]
[[1, 0, 0, 0, 0, 0], [1, 1, 0, 0, 0, 0], [1, 0, 1, 0, 0, 0], [1, 0, 0, 1, 0, 0], [1, 0, 0, 0, 1, 0], [1, 12, 3, 5, 17, 18]]
[[1, 0, 0, 0, 0, 0], [1, 1, 0, 0, 0, 0], [1, 0, 1, 0, 0, 0], [1, 0, 0, 1, 0, 0], [1, 0, 0, 0, 1, 0], [1, 6, 15, 17, 17, 18]]
[[1, 0, 0, 0, 0, 0], [1, 1, 0, 0, 0, 0], [1, 0, 1, 0, 0, 0], [1, 0, 0, 1, 0, 0], [1, 0, 0, 0, 1, 0], [1, 2, 2, 14, 1, 18]]
[[1, 0, 0, 0, 0, 0], [1, 1, 0, 0, 0, 0], [1, 0, 1, 0, 0, 0], [1, 0, 0, 1, 0, 0], [1, 0, 0, 0, 1, 0], [1, 9, 2, 10, 16, 18]]
[[1, 0, 0, 0, 0, 0], [1, 1, 0, 0, 0, 0], [1, 1, 2, 0, 0, 0], [1, 0, 0, 1, 0, 0], [1, 0, 0, 0, 1, 0], [1, 3, 6, 8, 8, 9]]
[[1, 0, 0, 0, 0, 0], [1, 1, 0, 0, 0, 0], [1, 0, 1, 0, 0, 0], [1, 0, 0, 1, 0, 0], [1, 0, 0, 0, 1, 0], [1, 12, 12, 3, 10, 18]]
[[1, 0, 0, 0, 0, 0], [1, 1, 0, 0, 0, 0], [1, 0, 1, 0, 0, 0], [1, 0, 0, 1, 0, 0], [1, 0, 0, 0, 1, 0], [1, 0, 15, 8, 14, 18]]
[[1, 0, 0, 0, 0, 0], [1, 1, 0, 0, 0, 0], [1, 0, 1, 0, 0, 0], [1, 0, 0, 1, 0, 0], [1, 0, 0, 0, 1, 0], [1, 0, 8, 10, 1, 18]]
[[1, 0, 0, 0, 0, 0], [1, 1, 0, 0, 0, 0], [1, 0, 1, 0, 0, 0], [1, 0, 0, 1, 0, 0], [1, 0, 1, 1, 3, 0], [1, 2, 1, 3, 3, 6]]
[[1, 0, 0, 0, 0, 0], [1, 1, 0, 0, 0, 0], [1, 0, 1, 0, 0, 0], [1, 0, 0, 1, 0, 0], [1, 0, 0, 0, 1, 0], [1, 0, 6, 14, 17, 18]]
[[1, 0, 0, 0, 0, 0], [1, 1, 0, 0, 0, 0], [1, 0, 1, 0, 0, 0], [1, 0, 1, 2, 0, 0], [1, 0, 0, 0, 1, 0], [1, 0, 0, 3, 1, 9]]
[[1, 0, 0, 0, 0, 0], [1, 1, 0, 0, 0, 0], [1, 0, 1, 0, 0, 0], [1, 0, 0, 1, 0, 0], [1, 0, 0, 0, 1, 0], [1, 9, 8, 10, 10, 18]]
[[1, 0, 0, 0, 0, 0], [1, 1, 0, 0, 0, 0], [1, 0, 1, 0, 0, 0], [1, 0, 0, 1, 0, 0], [1, 0, 0, 1, 3, 0], [1, 3, 3, 1, 3, 6]]
[[1, 0, 0, 0, 0, 0], [1, 1, 0, 0, 0, 0], [1, 0, 1, 0, 0, 0], [1, 0, 0, 1, 0, 0], [1, 0, 0, 0, 1, 0], [1, 2, 2, 2, 13, 18]]
[[1, 0, 0, 0, 0, 0], [1, 1, 0, 0, 0, 0], [1, 0, 1, 0, 0, 0], [1, 0, 0, 1, 0, 0], [1, 0, 0, 1, 3, 0], [1, 0, 4, 3, 3, 6]]
[[1, 0, 0, 0, 0, 0], [1, 1, 0, 0, 0, 0], [1, 0, 1, 0, 0, 0], [1, 0, 1, 2, 0, 0], [1, 0, 0, 0, 1, 0], [1, 3, 3, 3, 4, 9]]
[[1, 0, 0, 0, 0, 0], [1, 1, 0, 0, 0, 0], [1, 1, 2, 0, 0, 0], [1, 0, 0, 1, 0, 0], [1, 0, 0, 0, 1, 0], [1, 6, 6, 2, 2, 9]]
[[1, 0, 0, 0, 0, 0], [1, 1, 0, 0, 0, 0], [1, 0, 1, 0, 0, 0], [1, 0, 0, 1, 0, 0], [1, 0, 0, 0, 1, 0], [1, 9, 14, 16, 16, 18]]
[[1, 0, 0, 0, 0, 0], [1, 1, 0, 0, 0, 0], [1, 0, 1, 0, 0, 0], [1, 0, 0, 1, 0, 0], [1, 0, 0, 0, 1, 0], [1, 6, 15, 2, 14, 18]]
[[1, 0, 0, 0, 0, 0], [1, 1, 0, 0, 0, 0], [1, 0, 1, 0, 0, 0], [1, 0, 0, 1, 0, 0], [1, 0, 0, 0, 1, 0], [1, 6, 12, 15, 4, 18]]
[[1, 0, 0, 0, 0, 0], [1, 1, 0, 0, 0, 0], [1, 0, 1, 0, 0, 0], [1, 0, 0, 1, 0, 0], [1, 0, 0, 1, 3, 0], [1, 2, 1, 4, 3, 6]]
[[1, 0, 0, 0, 0, 0], [1, 1, 0, 0, 0, 0], [1, 0, 1, 0, 0, 0], [1, 0, 0, 1, 0, 0], [1, 0, 0, 0, 1, 0], [1, 9, 15, 2, 11, 18]]
[[1, 0, 0, 0, 0, 0], [1, 1, 0, 0, 0, 0], [1, 0, 1, 0, 0, 0], [1, 0, 0, 1, 0, 0], [1, 0, 0, 0, 1, 0], [1, 0, 2, 10, 7, 18]]
[[1, 0, 0, 0, 0, 0], [1, 1, 0, 0, 0, 0], [1, 0, 1, 0, 0, 0], [1, 0, 0, 1, 0, 0], [1, 0, 0, 0, 1, 0], [1, 6, 15, 5, 11, 18]]
[[1, 0, 0, 0, 0, 0], [1, 1, 0, 0, 0, 0], [1, 0, 1, 0, 0, 0], [1, 0, 0, 1, 0, 0], [1, 0, 0, 0, 1, 0], [1, 6, 15, 8, 8, 18]]
[[1, 0, 0, 0, 0, 0], [1, 1, 0, 0, 0, 0], [1, 0, 1, 0, 0, 0], [1, 0, 0, 1, 0, 0], [1, 0, 0, 0, 1, 0], [1, 3, 2, 1, 13, 18]]
[[1, 0, 0, 0, 0, 0], [1, 1, 0, 0, 0, 0], [1, 0, 1, 0, 0, 0], [1, 0, 0, 1, 0, 0], [1, 0, 0, 0, 1, 0], [1, 4, 5, 11, 17, 18]]
[[1, 0, 0, 0, 0, 0], [1, 1, 0, 0, 0, 0], [1, 0, 1, 0, 0, 0], [1, 2, 2, 3, 0, 0], [1, 0, 0, 0, 1, 0], [1, 2, 4, 0, 1, 6]]
[[1, 0, 0, 0, 0, 0], [1, 1, 0, 0, 0, 0], [1, 0, 1, 0, 0, 0], [1, 0, 0, 1, 0, 0], [1, 0, 0, 1, 3, 0], [1, 2, 4, 1, 3, 6]]
[[1, 0, 0, 0, 0, 0], [1, 1, 0, 0, 0, 0], [1, 0, 1, 0, 0, 0], [1, 0, 0, 1, 0, 0], [1, 0, 0, 0, 1, 0], [1, 10, 14, 14, 17, 18]]
[[1, 0, 0, 0, 0, 0], [1, 1, 0, 0, 0, 0], [1, 0, 1, 0, 0, 0], [1, 0, 0, 1, 0, 0], [1, 0, 0, 0, 1, 0], [1, 9, 6, 2, 2, 18]]
[[1, 0, 0, 0, 0, 0], [1, 1, 0, 0, 0, 0], [1, 0, 1, 0, 0, 0], [1, 0, 0, 1, 0, 0], [1, 0, 0, 0, 1, 0], [1, 6, 12, 8, 11, 18]]
[[1, 0, 0, 0, 0, 0], [1, 1, 0, 0, 0, 0], [1, 0, 1, 0, 0, 0], [1, 0, 0, 1, 0, 0], [1, 0, 0, 0, 1, 0], [1, 9, 9, 2, 17, 18]]
[[1, 0, 0, 0, 0, 0], [1, 1, 0, 0, 0, 0], [1, 0, 1, 0, 0, 0], [1, 0, 0, 1, 0, 0], [1, 0, 0, 0, 1, 0], [1, 0, 6, 2, 11, 18]]
[[1, 0, 0, 0, 0, 0], [1, 1, 0, 0, 0, 0], [1, 0, 1, 0, 0, 0], [1, 0, 0, 1, 0, 0], [1, 0, 0, 0, 1, 0], [1, 12, 10, 10, 5, 18]]
[[1, 0, 0, 0, 0, 0], [1, 1, 0, 0, 0, 0], [1, 1, 2, 0, 0, 0], [1, 0, 0, 1, 0, 0], [1, 0, 0, 0, 1, 0], [1, 0, 0, 2, 8, 9]]
[[1, 0, 0, 0, 0, 0], [1, 1, 0, 0, 0, 0], [1, 0, 1, 0, 0, 0], [1, 0, 0, 1, 0, 0], [1, 0, 0, 0, 1, 0], [1, 6, 15, 15, 1, 18]]
[[1, 0, 0, 0, 0, 0], [1, 1, 0, 0, 0, 0], [1, 0, 1, 0, 0, 0], [1, 0, 0, 1, 0, 0], [1, 0, 0, 0, 1, 0], [1, 0, 9, 14, 14, 18]]
[[1, 0, 0, 0, 0, 0], [1, 1, 0, 0, 0, 0], [1, 0, 1, 0, 0, 0], [1, 0, 0, 1, 0, 0], [1, 0, 0, 0, 1, 0], [1, 12, 3, 2, 2, 18]]
[[1, 0, 0, 0, 0, 0], [1, 1, 0, 0, 0, 0], [1, 0, 1, 0, 0, 0], [1, 0, 0, 1, 0, 0], [1, 0, 0, 0, 1, 0], [1, 3, 15, 2, 17, 18]]
[[1, 0, 0, 0, 0, 0], [1, 1, 0, 0, 0, 0], [1, 0, 1, 0, 0, 0], [1, 0, 0, 1, 0, 0], [1, 2, 0, 2, 3, 0], [1, 2, 5, 3, 3, 6]]
[[1, 0, 0, 0, 0, 0], [1, 1, 0, 0, 0, 0], [1, 1, 2, 0, 0, 0], [1, 0, 0, 1, 0, 0], [1, 0, 0, 0, 1, 0], [1, 6, 3, 2, 2, 9]]
[[1, 0, 0, 0, 0, 0], [1, 1, 0, 0, 0, 0], [1, 0, 1, 0, 0, 0], [1, 0, 0, 1, 0, 0], [1, 0, 0, 0, 1, 0], [1, 9, 6, 12, 10, 18]]
[[1, 0, 0, 0, 0, 0], [1, 1, 0, 0, 0, 0], [1, 0, 1, 0, 0, 0], [1, 0, 0, 1, 0, 0], [1, 0, 0, 0, 1, 0], [1, 4, 5, 5, 5, 18]]
[[1, 0, 0, 0, 0, 0], [1, 1, 0, 0, 0, 0], [1, 0, 1, 0, 0, 0], [1, 0, 0, 1, 0, 0], [1, 0, 0, 0, 1, 0], [1, 3, 4, 13, 17, 18]]
[[1, 0, 0, 0, 0, 0], [1, 1, 0, 0, 0, 0], [1, 0, 1, 0, 0, 0], [1, 0, 0, 1, 0, 0], [1, 0, 0, 0, 1, 0], [1, 0, 0, 3, 16, 18]]
[[1, 0, 0, 0, 0, 0], [1, 1, 0, 0, 0, 0], [1, 0, 1, 0, 0, 0], [1, 0, 0, 1, 0, 0], [1, 0, 0, 0, 1, 0], [1, 2, 8, 8, 1, 18]]
[[1, 0, 0, 0, 0, 0], [1, 1, 0, 0, 0, 0], [1, 0, 1, 0, 0, 0], [1, 0, 0, 1, 0, 0], [1, 0, 0, 0, 1, 0], [1, 6, 6, 8, 17, 18]]
[[1, 0, 0, 0, 0, 0], [1, 1, 0, 0, 0, 0], [1, 0, 1, 0, 0, 0], [1, 0, 0, 1, 0, 0], [1, 0, 0, 0, 1, 0], [1, 0, 12, 8, 17, 18]]
[[1, 0, 0, 0, 0, 0], [1, 1, 0, 0, 0, 0], [1, 0, 1, 0, 0, 0], [1, 0, 0, 1, 0, 0], [1, 0, 0, 0, 1, 0], [1, 3, 15, 8, 11, 18]]
[[1, 0, 0, 0, 0, 0], [1, 1, 0, 0, 0, 0], [1, 1, 2, 0, 0, 0], [1, 0, 0, 1, 0, 0], [1, 0, 0, 0, 1, 0], [1, 3, 3, 2, 5, 9]]
[[1, 0, 0, 0, 0, 0], [1, 1, 0, 0, 0, 0], [1, 0, 1, 0, 0, 0], [1, 0, 0, 1, 0, 0], [1, 0, 0, 0, 1, 0], [1, 15, 15, 15, 10, 18]]
[[1, 0, 0, 0, 0, 0], [1, 1, 0, 0, 0, 0], [1, 0, 1, 0, 0, 0], [1, 0, 0, 1, 0, 0], [1, 0, 0, 0, 1, 0], [1, 6, 4, 14, 13, 18]]
[[1, 0, 0, 0, 0, 0], [1, 1, 0, 0, 0, 0], [1, 0, 1, 0, 0, 0], [1, 0, 0, 1, 0, 0], [1, 0, 0, 0, 1, 0], [1, 3, 10, 10, 14, 18]]
[[1, 0, 0, 0, 0, 0], [1, 1, 0, 0, 0, 0], [1, 0, 1, 0, 0, 0], [1, 0, 0, 1, 0, 0], [1, 0, 0, 0, 1, 0], [1, 0, 0, 6, 13, 18]]
[[1, 0, 0, 0, 0, 0], [1, 1, 0, 0, 0, 0], [1, 0, 1, 0, 0, 0], [1, 0, 0, 1, 0, 0], [1, 0, 0, 0, 1, 0], [1, 6, 8, 16, 7, 18]]
[[1, 0, 0, 0, 0, 0], [1, 1, 0, 0, 0, 0], [1, 0, 1, 0, 0, 0], [1, 0, 0, 1, 0, 0], [1, 0, 0, 1, 3, 0], [1, 2, 2, 3, 3, 6]]
[[1, 0, 0, 0, 0, 0], [1, 1, 0, 0, 0, 0], [1, 0, 1, 0, 0, 0], [1, 0, 0, 1, 0, 0], [1, 0, 0, 0, 1, 0], [1, 4, 4, 10, 1, 18]]
[[1, 0, 0, 0, 0, 0], [1, 1, 0, 0, 0, 0], [1, 0, 1, 0, 0, 0], [1, 0, 0, 1, 0, 0], [1, 0, 0, 0, 1, 0], [1, 9, 9, 8, 11, 18]]
[[1, 0, 0, 0, 0, 0], [1, 1, 0, 0, 0, 0], [1, 0, 1, 0, 0, 0], [1, 0, 0, 1, 0, 0], [1, 0, 0, 0, 1, 0], [1, 12, 12, 2, 11, 18]]
[[1, 0, 0, 0, 0, 0], [1, 1, 0, 0, 0, 0], [1, 0, 1, 0, 0, 0], [1, 0, 0, 1, 0, 0], [1, 0, 0, 1, 3, 0], [1, 0, 0, 1, 3, 6]]
[[1, 0, 0, 0, 0, 0], [1, 1, 0, 0, 0, 0], [1, 0, 1, 0, 0, 0], [1, 0, 0, 1, 0, 0], [1, 0, 0, 0, 1, 0], [1, 2, 4, 14, 17, 18]]
[[1, 0, 0, 0, 0, 0], [1, 1, 0, 0, 0, 0], [1, 0, 1, 0, 0, 0], [1, 0, 0, 1, 0, 0], [1, 0, 0, 0, 1, 0], [1, 0, 15, 5, 17, 18]]
[[1, 0, 0, 0, 0, 0], [1, 1, 0, 0, 0, 0], [1, 0, 1, 0, 0, 0], [1, 0, 0, 1, 0, 0], [1, 0, 0, 0, 1, 0], [1, 0, 2, 16, 1, 18]]
[[1, 0, 0, 0, 0, 0], [1, 1, 0, 0, 0, 0], [1, 0, 1, 0, 0, 0], [1, 0, 0, 1, 0, 0], [1, 0, 0, 0, 1, 0], [1, 6, 3, 3, 7, 18]]
[[1, 0, 0, 0, 0, 0], [1, 1, 0, 0, 0, 0], [1, 0, 1, 0, 0, 0], [1, 0, 0, 1, 0, 0], [1, 1, 1, 2, 3, 0], [1, 1, 1, 2, 3, 6]]
[[1, 0, 0, 0, 0, 0], [1, 1, 0, 0, 0, 0], [1, 0, 1, 0, 0, 0], [1, 0, 0, 1, 0, 0], [1, 0, 0, 0, 1, 0], [1, 10, 5, 5, 17, 18]]
[[1, 0, 0, 0, 0, 0], [1, 1, 0, 0, 0, 0], [1, 0, 1, 0, 0, 0], [1, 0, 0, 1, 0, 0], [1, 0, 0, 0, 1, 0], [1, 0, 9, 9, 1, 18]]
[[1, 0, 0, 0, 0, 0], [1, 1, 0, 0, 0, 0], [1, 1, 2, 0, 0, 0], [1, 0, 0, 1, 0, 0], [1, 0, 0, 1, 3, 0], [1, 0, 0, 1, 0, 3]]
[[1, 0, 0, 0, 0, 0], [1, 1, 0, 0, 0, 0], [1, 0, 1, 0, 0, 0], [1, 0, 0, 1, 0, 0], [1, 0, 0, 0, 1, 0], [1, 4, 14, 14, 5, 18]]
[[1, 0, 0, 0, 0, 0], [1, 1, 0, 0, 0, 0], [1, 0, 1, 0, 0, 0], [1, 0, 0, 1, 0, 0], [1, 0, 0, 0, 1, 0], [1, 9, 12, 8, 8, 18]]
[[1, 0, 0, 0, 0, 0], [1, 1, 0, 0, 0, 0], [1, 0, 1, 0, 0, 0], [1, 0, 0, 1, 0, 0], [1, 0, 0, 0, 1, 0], [1, 3, 4, 1, 11, 18]]
[[1, 0, 0, 0, 0, 0], [1, 1, 0, 0, 0, 0], [1, 0, 1, 0, 0, 0], [1, 0, 0, 1, 0, 0], [1, 0, 0, 0, 1, 0], [1, 3, 2, 4, 10, 18]]
[[1, 0, 0, 0, 0, 0], [1, 1, 0, 0, 0, 0], [1, 0, 1, 0, 0, 0], [1, 0, 0, 1, 0, 0], [1, 0, 0, 0, 1, 0], [1, 15, 2, 10, 10, 18]]
[[1, 0, 0, 0, 0, 0], [1, 1, 0, 0, 0, 0], [1, 0, 1, 0, 0, 0], [1, 0, 0, 1, 0, 0], [1, 0, 0, 0, 1, 0], [1, 2, 1, 17, 17, 18]]
[[1, 0, 0, 0, 0, 0], [1, 1, 0, 0, 0, 0], [1, 0, 1, 0, 0, 0], [1, 0, 0, 1, 0, 0], [1, 0, 0, 0, 1, 0], [1, 0, 9, 2, 8, 18]]
[[1, 0, 0, 0, 0, 0], [1, 1, 0, 0, 0, 0], [1, 0, 1, 0, 0, 0], [1, 0, 0, 1, 0, 0], [1, 0, 0, 1, 3, 0], [1, 3, 2, 2, 0, 6]]
[[1, 0, 0, 0, 0, 0], [1, 1, 0, 0, 0, 0], [1, 0, 1, 0, 0, 0], [1, 0, 0, 1, 0, 0], [1, 0, 0, 0, 1, 0], [1, 6, 12, 3, 16, 18]]
[[1, 0, 0, 0, 0, 0], [1, 1, 0, 0, 0, 0], [1, 0, 1, 0, 0, 0], [1, 0, 1, 2, 0, 0], [1, 0, 0, 0, 1, 0], [1, 0, 3, 6, 7, 9]]
[[1, 0, 0, 0, 0, 0], [1, 1, 0, 0, 0, 0], [1, 0, 1, 0, 0, 0], [1, 0, 0, 1, 0, 0], [1, 0, 0, 0, 1, 0], [1, 9, 6, 3, 1, 18]]
[[1, 0, 0, 0, 0, 0], [1, 1, 0, 0, 0, 0], [1, 0, 1, 0, 0, 0], [1, 0, 0, 1, 0, 0], [1, 0, 0, 0, 1, 0], [1, 9, 15, 14, 17, 18]]
[[1, 0, 0, 0, 0, 0], [1, 1, 0, 0, 0, 0], [1, 0, 1, 0, 0, 0], [1, 0, 0, 1, 0, 0], [1, 0, 0, 0, 1, 0], [1, 9, 3, 3, 4, 18]]
[[1, 0, 0, 0, 0, 0], [1, 1, 0, 0, 0, 0], [1, 0, 1, 0, 0, 0], [1, 0, 0, 1, 0, 0], [1, 0, 0, 0, 1, 0], [1, 12, 3, 8, 14, 18]]
[[1, 0, 0, 0, 0, 0], [1, 1, 0, 0, 0, 0], [1, 0, 1, 0, 0, 0], [1, 0, 0, 1, 0, 0], [1, 0, 0, 0, 1, 0], [1, 6, 4, 4, 5, 18]]
[[1, 0, 0, 0, 0, 0], [1, 1, 0, 0, 0, 0], [1, 0, 1, 0, 0, 0], [1, 0, 0, 1, 0, 0], [1, 0, 0, 1, 3, 0], [1, 0, 3, 4, 3, 6]]
[[1, 0, 0, 0, 0, 0], [1, 1, 0, 0, 0, 0], [1, 0, 1, 0, 0, 0], [1, 0, 0, 1, 0, 0], [1, 0, 0, 0, 1, 0], [1, 6, 10, 14, 7, 18]]
[[1, 0, 0, 0, 0, 0], [1, 1, 0, 0, 0, 0], [1, 0, 1, 0, 0, 0], [1, 0, 0, 1, 0, 0], [1, 0, 0, 0, 1, 0], [1, 2, 5, 13, 17, 18]]
[[1, 0, 0, 0, 0, 0], [1, 1, 0, 0, 0, 0], [1, 0, 1, 0, 0, 0], [1, 0, 0, 1, 0, 0], [1, 0, 0, 0, 1, 0], [1, 9, 2, 4, 4, 18]]
[[1, 0, 0, 0, 0, 0], [1, 1, 0, 0, 0, 0], [1, 0, 1, 0, 0, 0], [1, 0, 0, 1, 0, 0], [1, 0, 0, 0, 1, 0], [1, 3, 4, 4, 8, 18]]
[[1, 0, 0, 0, 0, 0], [1, 1, 0, 0, 0, 0], [1, 0, 1, 0, 0, 0], [1, 0, 0, 1, 0, 0], [1, 0, 0, 0, 1, 0], [1, 0, 4, 4, 11, 18]]
[[1, 0, 0, 0, 0, 0], [1, 1, 0, 0, 0, 0], [1, 0, 1, 0, 0, 0], [1, 0, 0, 1, 0, 0], [1, 0, 0, 1, 3, 0], [1, 4, 4, 5, 3, 6]]
[[1, 0, 0, 0, 0, 0], [1, 1, 0, 0, 0, 0], [1, 0, 1, 0, 0, 0], [1, 0, 0, 1, 0, 0], [1, 0, 0, 0, 1, 0], [1, 15, 15, 2, 5, 18]]
[[1, 0, 0, 0, 0, 0], [1, 1, 0, 0, 0, 0], [1, 0, 1, 0, 0, 0], [1, 0, 0, 1, 0, 0], [1, 0, 0, 0, 1, 0], [1, 0, 1, 1, 17, 18]]
[[1, 0, 0, 0, 0, 0], [1, 1, 0, 0, 0, 0], [1, 0, 1, 0, 0, 0], [1, 0, 0, 1, 0, 0], [1, 0, 0, 0, 1, 0], [1, 6, 4, 16, 11, 18]]
[[1, 0, 0, 0, 0, 0], [1, 1, 0, 0, 0, 0], [1, 0, 1, 0, 0, 0], [1, 0, 0, 1, 0, 0], [1, 0, 0, 0, 1, 0], [1, 8, 1, 11, 17, 18]]
[[1, 0, 0, 0, 0, 0], [1, 1, 0, 0, 0, 0], [1, 0, 1, 0, 0, 0], [1, 0, 0, 1, 0, 0], [1, 0, 0, 1, 3, 0], [1, 3, 2, 2, 3, 6]]
[[1, 0, 0, 0, 0, 0], [1, 1, 0, 0, 0, 0], [1, 0, 1, 0, 0, 0], [1, 0, 0, 1, 0, 0], [1, 0, 0, 0, 1, 0], [1, 0, 3, 5, 11, 18]]
[[1, 0, 0, 0, 0, 0], [1, 1, 0, 0, 0, 0], [1, 0, 1, 0, 0, 0], [1, 0, 0, 1, 0, 0], [1, 0, 0, 0, 1, 0], [1, 9, 6, 6, 16, 18]]
[[1, 0, 0, 0, 0, 0], [1, 1, 0, 0, 0, 0], [1, 0, 1, 0, 0, 0], [1, 0, 0, 1, 0, 0], [1, 0, 0, 0, 1, 0], [1, 6, 1, 13, 17, 18]]
[[1, 0, 0, 0, 0, 0], [1, 1, 0, 0, 0, 0], [1, 0, 1, 0, 0, 0], [1, 0, 0, 1, 0, 0], [1, 0, 0, 0, 1, 0], [1, 9, 12, 2, 14, 18]]
[[1, 0, 0, 0, 0, 0], [1, 1, 0, 0, 0, 0], [1, 0, 1, 0, 0, 0], [1, 0, 0, 1, 0, 0], [1, 0, 0, 0, 1, 0], [1, 15, 2, 4, 16, 18]]
[[1, 0, 0, 0, 0, 0], [1, 1, 0, 0, 0, 0], [1, 0, 1, 0, 0, 0], [1, 0, 0, 1, 0, 0], [1, 0, 0, 0, 1, 0], [1, 0, 12, 3, 4, 18]]
[[1, 0, 0, 0, 0, 0], [1, 1, 0, 0, 0, 0], [1, 0, 1, 0, 0, 0], [1, 0, 1, 3, 0, 0], [1, 0, 0, 0, 1, 0], [1, 0, 2, 0, 5, 6]]
[[1, 0, 0, 0, 0, 0], [1, 1, 0, 0, 0, 0], [1, 0, 1, 0, 0, 0], [1, 0, 0, 1, 0, 0], [1, 0, 0, 0, 1, 0], [1, 9, 6, 15, 7, 18]]
[[1, 0, 0, 0, 0, 0], [1, 1, 0, 0, 0, 0], [1, 0, 1, 0, 0, 0], [1, 0, 0, 1, 0, 0], [1, 0, 2, 2, 3, 0], [1, 4, 3, 3, 3, 6]]
[[1, 0, 0, 0, 0, 0], [1, 1, 0, 0, 0, 0], [1, 0, 1, 0, 0, 0], [1, 0, 0, 1, 0, 0], [1, 0, 0, 0, 1, 0], [1, 6, 2, 4, 7, 18]]
[[1, 0, 0, 0, 0, 0], [1, 1, 0, 0, 0, 0], [1, 0, 1, 0, 0, 0], [1, 0, 0, 1, 0, 0], [1, 0, 0, 0, 1, 0], [1, 3, 14, 1, 1, 18]]
[[1, 0, 0, 0, 0, 0], [1, 1, 0, 0, 0, 0], [1, 0, 1, 0, 0, 0], [1, 0, 0, 1, 0, 0], [1, 0, 0, 0, 1, 0], [1, 8, 13, 17, 17, 18]]
[[1, 0, 0, 0, 0, 0], [1, 1, 0, 0, 0, 0], [1, 0, 1, 0, 0, 0], [1, 0, 0, 1, 0, 0], [1, 0, 2, 2, 3, 0], [1, 4, 2, 4, 3, 6]]
[[1, 0, 0, 0, 0, 0], [1, 1, 0, 0, 0, 0], [1, 0, 1, 0, 0, 0], [1, 0, 0, 1, 0, 0], [1, 0, 0, 0, 1, 0], [1, 6, 16, 16, 17, 18]]
[[1, 0, 0, 0, 0, 0], [1, 1, 0, 0, 0, 0], [1, 0, 1, 0, 0, 0], [1, 0, 1, 2, 0, 0], [1, 0, 0, 0, 1, 0], [1, 3, 0, 3, 7, 9]]
[[1, 0, 0, 0, 0, 0], [1, 1, 0, 0, 0, 0], [1, 0, 1, 0, 0, 0], [1, 0, 0, 1, 0, 0], [1, 0, 0, 0, 1, 0], [1, 9, 12, 17, 17, 18]]
[[1, 0, 0, 0, 0, 0], [1, 1, 0, 0, 0, 0], [1, 0, 1, 0, 0, 0], [1, 0, 0, 1, 0, 0], [1, 0, 0, 0, 1, 0], [1, 0, 10, 10, 17, 18]]
[[1, 0, 0, 0, 0, 0], [1, 1, 0, 0, 0, 0], [1, 0, 1, 0, 0, 0], [1, 0, 0, 1, 0, 0], [1, 0, 0, 0, 1, 0], [1, 12, 15, 2, 8, 18]]
[[1, 0, 0, 0, 0, 0], [1, 1, 0, 0, 0, 0], [1, 0, 1, 0, 0, 0], [1, 1, 0, 2, 0, 0], [1, 0, 0, 0, 1, 0], [1, 3, 3, 6, 4, 9]]
[[1, 0, 0, 0, 0, 0], [1, 1, 0, 0, 0, 0], [1, 0, 1, 0, 0, 0], [1, 0, 0, 1, 0, 0], [1, 0, 0, 0, 1, 0], [1, 2, 14, 14, 7, 18]]
[[1, 0, 0, 0, 0, 0], [1, 1, 0, 0, 0, 0], [1, 0, 1, 0, 0, 0], [1, 0, 0, 1, 0, 0], [1, 0, 0, 0, 1, 0], [1, 15, 10, 14, 16, 18]]
[[1, 0, 0, 0, 0, 0], [1, 1, 0, 0, 0, 0], [1, 0, 1, 0, 0, 0], [1, 0, 0, 1, 0, 0], [1, 0, 0, 0, 1, 0], [1, 0, 0, 15, 4, 18]]
[[1, 0, 0, 0, 0, 0], [1, 1, 0, 0, 0, 0], [1, 0, 1, 0, 0, 0], [1, 0, 0, 1, 0, 0], [1, 0, 0, 0, 1, 0], [1, 0, 9, 3, 7, 18]]
[[1, 0, 0, 0, 0, 0], [1, 1, 0, 0, 0, 0], [1, 0, 1, 0, 0, 0], [1, 0, 0, 1, 0, 0], [1, 0, 0, 0, 1, 0], [1, 9, 8, 1, 1, 18]]
[[1, 0, 0, 0, 0, 0], [1, 1, 0, 0, 0, 0], [1, 0, 1, 0, 0, 0], [1, 0, 0, 1, 0, 0], [1, 0, 0, 0, 1, 0], [1, 6, 6, 12, 13, 18]]
[[1, 0, 0, 0, 0, 0], [1, 1, 0, 0, 0, 0], [1, 0, 1, 0, 0, 0], [1, 0, 0, 1, 0, 0], [1, 0, 0, 0, 1, 0], [1, 12, 10, 16, 17, 18]]
[[1, 0, 0, 0, 0, 0], [1, 1, 0, 0, 0, 0], [1, 0, 1, 0, 0, 0], [1, 0, 0, 1, 0, 0], [1, 0, 0, 0, 1, 0], [1, 6, 3, 5, 5, 18]]
[[1, 0, 0, 0, 0, 0], [1, 1, 0, 0, 0, 0], [1, 0, 1, 0, 0, 0], [1, 0, 0, 1, 0, 0], [1, 0, 0, 0, 1, 0], [1, 6, 7, 7, 17, 18]]
[[1, 0, 0, 0, 0, 0], [1, 1, 0, 0, 0, 0], [1, 0, 1, 0, 0, 0], [1, 0, 0, 1, 0, 0], [1, 0, 0, 0, 1, 0], [1, 3, 2, 7, 7, 18]]
[[1, 0, 0, 0, 0, 0], [1, 1, 0, 0, 0, 0], [1, 0, 1, 0, 0, 0], [1, 0, 0, 1, 0, 0], [1, 0, 0, 0, 1, 0], [1, 2, 11, 11, 13, 18]]
[[1, 0, 0, 0, 0, 0], [1, 1, 0, 0, 0, 0], [1, 0, 1, 0, 0, 0], [1, 0, 0, 1, 0, 0], [1, 0, 0, 0, 1, 0], [1, 4, 11, 11, 11, 18]]
[[1, 0, 0, 0, 0, 0], [1, 1, 0, 0, 0, 0], [1, 0, 1, 0, 0, 0], [1, 0, 0, 1, 0, 0], [1, 0, 0, 0, 1, 0], [1, 12, 4, 4, 17, 18]]
[[1, 0, 0, 0, 0, 0], [1, 1, 0, 0, 0, 0], [1, 0, 1, 0, 0, 0], [1, 0, 0, 1, 0, 0], [1, 0, 0, 0, 1, 0], [1, 3, 3, 3, 10, 18]]
[[1, 0, 0, 0, 0, 0], [1, 1, 0, 0, 0, 0], [1, 0, 1, 0, 0, 0], [1, 0, 0, 1, 0, 0], [1, 0, 0, 0, 1, 0], [1, 0, 12, 2, 5, 18]]
[[1, 0, 0, 0, 0, 0], [1, 1, 0, 0, 0, 0], [1, 0, 1, 0, 0, 0], [1, 0, 0, 1, 0, 0], [1, 0, 0, 1, 3, 0], [1, 3, 4, 0, 3, 6]]
[[1, 0, 0, 0, 0, 0], [1, 1, 0, 0, 0, 0], [1, 0, 1, 0, 0, 0], [1, 0, 0, 1, 0, 0], [1, 0, 0, 0, 1, 0], [1, 15, 4, 8, 10, 18]]
[[1, 0, 0, 0, 0, 0], [1, 1, 0, 0, 0, 0], [1, 0, 1, 0, 0, 0], [1, 0, 0, 1, 0, 0], [1, 0, 0, 0, 1, 0], [1, 9, 6, 8, 14, 18]]
[[1, 0, 0, 0, 0, 0], [1, 1, 0, 0, 0, 0], [1, 0, 1, 0, 0, 0], [1, 0, 0, 1, 0, 0], [1, 0, 0, 0, 1, 0], [1, 2, 14, 16, 5, 18]]
[[1, 0, 0, 0, 0, 0], [1, 1, 0, 0, 0, 0], [1, 0, 1, 0, 0, 0], [1, 0, 0, 1, 0, 0], [1, 0, 0, 0, 1, 0], [1, 2, 8, 16, 11, 18]]
[[1, 0, 0, 0, 0, 0], [1, 1, 0, 0, 0, 0], [1, 0, 1, 0, 0, 0], [1, 0, 0, 1, 0, 0], [1, 1, 1, 2, 3, 0], [1, 1, 5, 4, 3, 6]]
[[1, 0, 0, 0, 0, 0], [1, 1, 0, 0, 0, 0], [1, 0, 1, 0, 0, 0], [1, 0, 0, 1, 0, 0], [1, 0, 1, 0, 3, 0], [1, 3, 5, 5, 3, 6]]
[[1, 0, 0, 0, 0, 0], [1, 1, 0, 0, 0, 0], [1, 0, 1, 0, 0, 0], [1, 0, 0, 1, 0, 0], [1, 0, 0, 0, 1, 0], [1, 0, 3, 3, 13, 18]]
[[1, 0, 0, 0, 0, 0], [1, 1, 0, 0, 0, 0], [1, 0, 1, 0, 0, 0], [1, 0, 1, 2, 0, 0], [1, 0, 0, 0, 1, 0], [1, 3, 6, 6, 1, 9]]
[[1, 0, 0, 0, 0, 0], [1, 1, 0, 0, 0, 0], [1, 0, 1, 0, 0, 0], [1, 0, 0, 1, 0, 0], [1, 0, 0, 0, 1, 0], [1, 0, 9, 12, 16, 18]]
[[1, 0, 0, 0, 0, 0], [1, 1, 0, 0, 0, 0], [1, 0, 1, 0, 0, 0], [1, 0, 0, 1, 0, 0], [1, 0, 0, 0, 1, 0], [1, 3, 4, 5, 7, 18]]
[[1, 0, 0, 0, 0, 0], [1, 1, 0, 0, 0, 0], [1, 0, 1, 0, 0, 0], [1, 0, 0, 1, 0, 0], [1, 0, 0, 0, 1, 0], [1, 9, 9, 3, 16, 18]]
[[1, 0, 0, 0, 0, 0], [1, 1, 0, 0, 0, 0], [1, 0, 1, 0, 0, 0], [1, 0, 0, 1, 0, 0], [1, 0, 0, 0, 1, 0], [1, 0, 0, 8, 11, 18]]
[[1, 0, 0, 0, 0, 0], [1, 1, 0, 0, 0, 0], [1, 0, 1, 0, 0, 0], [1, 0, 0, 1, 0, 0], [1, 0, 0, 0, 1, 0], [1, 3, 8, 10, 16, 18]]
[[1, 0, 0, 0, 0, 0], [1, 1, 0, 0, 0, 0], [1, 0, 1, 0, 0, 0], [1, 0, 0, 1, 0, 0], [1, 0, 0, 0, 1, 0], [1, 3, 14, 7, 13, 18]]
[[1, 0, 0, 0, 0, 0], [1, 1, 0, 0, 0, 0], [1, 0, 1, 0, 0, 0], [1, 0, 1, 3, 0, 0], [1, 0, 0, 0, 1, 0], [1, 2, 0, 0, 5, 6]]
[[1, 0, 0, 0, 0, 0], [1, 1, 0, 0, 0, 0], [1, 0, 1, 0, 0, 0], [1, 0, 0, 1, 0, 0], [1, 0, 0, 0, 1, 0], [1, 0, 6, 15, 16, 18]]
[[1, 0, 0, 0, 0, 0], [1, 1, 0, 0, 0, 0], [1, 0, 1, 0, 0, 0], [1, 0, 0, 1, 0, 0], [1, 0, 0, 0, 1, 0], [1, 12, 15, 5, 5, 18]]
[[1, 0, 0, 0, 0, 0], [1, 1, 0, 0, 0, 0], [1, 0, 1, 0, 0, 0], [1, 0, 1, 3, 0, 0], [1, 0, 0, 0, 1, 0], [1, 4, 4, 0, 5, 6]]
[[1, 0, 0, 0, 0, 0], [1, 1, 0, 0, 0, 0], [1, 0, 1, 0, 0, 0], [1, 0, 0, 1, 0, 0], [1, 0, 0, 0, 1, 0], [1, 2, 8, 14, 13, 18]]
[[1, 0, 0, 0, 0, 0], [1, 1, 0, 0, 0, 0], [1, 1, 2, 0, 0, 0], [1, 0, 0, 1, 0, 0], [1, 0, 0, 0, 1, 0], [1, 0, 3, 2, 8, 9]]
[[1, 0, 0, 0, 0, 0], [1, 1, 0, 0, 0, 0], [1, 0, 1, 0, 0, 0], [1, 0, 0, 1, 0, 0], [1, 0, 0, 0, 1, 0], [1, 8, 14, 16, 17, 18]]
[[1, 0, 0, 0, 0, 0], [1, 1, 0, 0, 0, 0], [1, 0, 1, 0, 0, 0], [1, 0, 0, 1, 0, 0], [1, 0, 0, 0, 1, 0], [1, 0, 8, 16, 13, 18]]
[[1, 0, 0, 0, 0, 0], [1, 1, 0, 0, 0, 0], [1, 0, 1, 0, 0, 0], [1, 0, 0, 1, 0, 0], [1, 0, 2, 2, 3, 0], [1, 2, 0, 2, 3, 6]]
[[1, 0, 0, 0, 0, 0], [1, 1, 0, 0, 0, 0], [1, 0, 1, 0, 0, 0], [1, 0, 0, 1, 0, 0], [1, 0, 0, 0, 1, 0], [1, 4, 8, 8, 17, 18]]
[[1, 0, 0, 0, 0, 0], [1, 1, 0, 0, 0, 0], [1, 0, 1, 0, 0, 0], [1, 0, 0, 1, 0, 0], [1, 0, 0, 0, 1, 0], [1, 0, 12, 15, 10, 18]]
[[1, 0, 0, 0, 0, 0], [1, 1, 0, 0, 0, 0], [1, 0, 1, 0, 0, 0], [1, 0, 0, 1, 0, 0], [1, 0, 0, 0, 1, 0], [1, 3, 10, 7, 17, 18]]
[[1, 0, 0, 0, 0, 0], [1, 1, 0, 0, 0, 0], [1, 0, 1, 0, 0, 0], [1, 1, 0, 2, 0, 0], [1, 0, 0, 0, 1, 0], [1, 3, 6, 6, 1, 9]]
[[1, 0, 0, 0, 0, 0], [1, 1, 0, 0, 0, 0], [1, 0, 1, 0, 0, 0], [1, 0, 0, 1, 0, 0], [1, 0, 2, 2, 3, 0], [1, 4, 1, 5, 3, 6]]
[[1, 0, 0, 0, 0, 0], [1, 1, 0, 0, 0, 0], [1, 0, 1, 0, 0, 0], [1, 0, 0, 1, 0, 0], [1, 0, 0, 0, 1, 0], [1, 6, 4, 8, 1, 18]]
[[1, 0, 0, 0, 0, 0], [1, 1, 0, 0, 0, 0], [1, 0, 1, 0, 0, 0], [1, 0, 0, 1, 0, 0], [1, 0, 0, 0, 1, 0], [1, 9, 4, 10, 14, 18]]
[[1, 0, 0, 0, 0, 0], [1, 1, 0, 0, 0, 0], [1, 0, 1, 0, 0, 0], [1, 0, 0, 1, 0, 0], [1, 0, 0, 0, 1, 0], [1, 0, 4, 10, 5, 18]]
[[1, 0, 0, 0, 0, 0], [1, 1, 0, 0, 0, 0], [1, 0, 1, 0, 0, 0], [1, 0, 0, 1, 0, 0], [1, 0, 0, 0, 1, 0], [1, 3, 10, 1, 5, 18]]
[[1, 0, 0, 0, 0, 0], [1, 1, 0, 0, 0, 0], [1, 0, 1, 0, 0, 0], [1, 0, 0, 1, 0, 0], [1, 0, 0, 0, 1, 0], [1, 9, 9, 9, 10, 18]]
[[1, 0, 0, 0, 0, 0], [1, 1, 0, 0, 0, 0], [1, 0, 1, 0, 0, 0], [1, 0, 0, 1, 0, 0], [1, 0, 2, 2, 3, 0], [1, 3, 0, 4, 0, 6]]
[[1, 0, 0, 0, 0, 0], [1, 1, 0, 0, 0, 0], [1, 0, 1, 0, 0, 0], [1, 0, 0, 1, 0, 0], [1, 0, 0, 1, 3, 0], [1, 4, 5, 4, 3, 6]]
[[1, 0, 0, 0, 0, 0], [1, 1, 0, 0, 0, 0], [1, 0, 1, 0, 0, 0], [1, 0, 1, 2, 0, 0], [1, 0, 0, 0, 1, 0], [1, 0, 0, 0, 1, 9]]
[[1, 0, 0, 0, 0, 0], [1, 1, 0, 0, 0, 0], [1, 0, 1, 0, 0, 0], [1, 0, 0, 1, 0, 0], [1, 0, 0, 0, 1, 0], [1, 12, 15, 14, 14, 18]]
