[[1, 0, 0, 0, 0, 0], [1, 1, 0, 0, 0, 0], [1, 0, 1, 0, 0, 0], [1, 0, 1, 2, 0, 0], [1, 0, 0, 0, 1, 0], [1, 0, 0, 5, 1, 10]]
[[1, 0, 0, 0, 0, 0], [1, 1, 0, 0, 0, 0], [1, 0, 1, 0, 0, 0], [1, 0, 1, 2, 0, 0], [1, 0, 0, 0, 1, 0], [1, 0, 0, 0, 1, 10]]
[[1, 0, 0, 0, 0, 0], [1, 1, 0, 0, 0, 0], [1, 0, 1, 0, 0, 0], [1, 0, 0, 1, 0, 0], [1, 0, 0, 0, 1, 0], [1, 0, 0, 4, 17, 20]]
[[1, 0, 0, 0, 0, 0], [1, 1, 0, 0, 0, 0], [1, 0, 1, 0, 0, 0], [1, 0, 0, 1, 0, 0], [1, 0, 1, 0, 2, 0], [1, 0, 9, 2, 8, 10]]
[[1, 0, 0, 0, 0, 0], [1, 1, 0, 0, 0, 0], [1, 0, 1, 0, 0, 0], [1, 0, 0, 1, 0, 0], [1, 0, 0, 0, 1, 0], [1, 0, 0, 12, 9, 20]]
[[1, 0, 0, 0, 0, 0], [1, 1, 0, 0, 0, 0], [1, 1, 2, 0, 0, 0], [1, 1, 0, 2, 0, 0], [1, 0, 0, 0, 1, 0], [1, 0, 0, 0, 1, 5]]
[[1, 0, 0, 0, 0, 0], [1, 1, 0, 0, 0, 0], [1, 0, 1, 0, 0, 0], [1, 0, 0, 1, 0, 0], [1, 0, 0, 1, 2, 0], [1, 0, 5, 6, 2, 10]]
[[1, 0, 0, 0, 0, 0], [1, 1, 0, 0, 0, 0], [1, 0, 1, 0, 0, 0], [1, 0, 1, 2, 0, 0], [1, 0, 0, 0, 1, 0], [1, 0, 5, 0, 6, 10]]
[[1, 0, 0, 0, 0, 0], [1, 1, 0, 0, 0, 0], [1, 0, 1, 0, 0, 0], [1, 0, 0, 1, 0, 0], [1, 0, 0, 0, 1, 0], [1, 0, 5, 15, 1, 20]]
[[1, 0, 0, 0, 0, 0], [1, 1, 0, 0, 0, 0], [1, 0, 1, 0, 0, 0], [1, 0, 0, 1, 0, 0], [1, 0, 0, 1, 2, 0], [1, 0, 0, 1, 4, 10]]
[[1, 0, 0, 0, 0, 0], [1, 1, 0, 0, 0, 0], [1, 0, 1, 0, 0, 0], [1, 0, 0, 1, 0, 0], [1, 0, 0, 0, 1, 0], [1, 0, 1, 3, 17, 20]]
[[1, 0, 0, 0, 0, 0], [1, 1, 0, 0, 0, 0], [1, 0, 1, 0, 0, 0], [1, 0, 0, 1, 0, 0], [1, 0, 0, 0, 1, 0], [1, 0, 0, 5, 16, 20]]
[[1, 0, 0, 0, 0, 0], [1, 1, 0, 0, 0, 0], [1, 0, 1, 0, 0, 0], [1, 0, 0, 1, 0, 0], [1, 0, 0, 0, 1, 0], [1, 0, 8, 12, 1, 20]]
[[1, 0, 0, 0, 0, 0], [1, 1, 0, 0, 0, 0], [1, 0, 1, 0, 0, 0], [1, 0, 0, 1, 0, 0], [1, 0, 0, 1, 2, 0], [1, 0, 0, 1, 2, 10]]
[[1, 0, 0, 0, 0, 0], [1, 1, 0, 0, 0, 0], [1, 0, 1, 0, 0, 0], [1, 0, 0, 1, 0, 0], [1, 0, 0, 0, 1, 0], [1, 0, 10, 4, 7, 20]]
[[1, 0, 0, 0, 0, 0], [1, 1, 0, 0, 0, 0], [1, 0, 1, 0, 0, 0], [1, 0, 0, 1, 0, 0], [1, 0, 0, 0, 1, 0], [1, 0, 4, 16, 1, 20]]
[[1, 0, 0, 0, 0, 0], [1, 1, 0, 0, 0, 0], [1, 0, 1, 0, 0, 0], [1, 0, 0, 1, 0, 0], [1, 0, 0, 0, 1, 0], [1, 0, 0, 15, 6, 20]]
[[1, 0, 0, 0, 0, 0], [1, 1, 0, 0, 0, 0], [1, 0, 1, 0, 0, 0], [1, 0, 0, 1, 0, 0], [1, 0, 0, 0, 1, 0], [1, 0, 1, 1, 19, 20]]
[[1, 0, 0, 0, 0, 0], [1, 1, 0, 0, 0, 0], [1, 0, 1, 0, 0, 0], [1, 0, 0, 1, 0, 0], [1, 0, 0, 0, 1, 0], [1, 0, 6, 14, 1, 20]]
[[1, 0, 0, 0, 0, 0], [1, 1, 0, 0, 0, 0], [1, 0, 1, 0, 0, 0], [1, 0, 0, 1, 0, 0], [1, 0, 0, 1, 2, 0], [1, 0, 1, 0, 4, 10]]
[[1, 0, 0, 0, 0, 0], [1, 1, 0, 0, 0, 0], [1, 0, 1, 0, 0, 0], [1, 0, 1, 4, 0, 0], [1, 0, 0, 0, 1, 0], [1, 0, 0, 0, 1, 5]]
[[1, 0, 0, 0, 0, 0], [1, 1, 0, 0, 0, 0], [1, 0, 1, 0, 0, 0], [1, 0, 0, 1, 0, 0], [1, 0, 0, 0, 1, 0], [1, 0, 2, 18, 1, 20]]
[[1, 0, 0, 0, 0, 0], [1, 1, 0, 0, 0, 0], [1, 0, 1, 0, 0, 0], [1, 0, 0, 1, 0, 0], [1, 0, 0, 1, 2, 0], [1, 0, 1, 0, 2, 10]]
[[1, 0, 0, 0, 0, 0], [1, 1, 0, 0, 0, 0], [1, 0, 1, 0, 0, 0], [1, 0, 0, 1, 0, 0], [1, 0, 0, 0, 1, 0], [1, 0, 10, 10, 1, 20]]
[[1, 0, 0, 0, 0, 0], [1, 1, 0, 0, 0, 0], [1, 0, 1, 0, 0, 0], [1, 0, 0, 1, 0, 0], [1, 0, 0, 0, 1, 0], [1, 0, 1, 9, 11, 20]]
[[1, 0, 0, 0, 0, 0], [1, 1, 0, 0, 0, 0], [1, 0, 1, 0, 0, 0], [1, 0, 1, 2, 0, 0], [1, 0, 0, 0, 1, 0], [1, 5, 5, 0, 1, 10]]
[[1, 0, 0, 0, 0, 0], [1, 1, 0, 0, 0, 0], [1, 0, 1, 0, 0, 0], [1, 0, 0, 1, 0, 0], [1, 0, 0, 0, 1, 0], [1, 0, 0, 2, 19, 20]]
[[1, 0, 0, 0, 0, 0], [1, 1, 0, 0, 0, 0], [1, 0, 1, 0, 0, 0], [1, 0, 0, 1, 0, 0], [1, 0, 0, 0, 1, 0], [1, 0, 10, 2, 9, 20]]
[[1, 0, 0, 0, 0, 0], [1, 1, 0, 0, 0, 0], [1, 0, 1, 0, 0, 0], [1, 0, 0, 1, 0, 0], [1, 0, 0, 0, 1, 0], [1, 0, 0, 14, 7, 20]]
[[1, 0, 0, 0, 0, 0], [1, 1, 0, 0, 0, 0], [1, 0, 1, 0, 0, 0], [1, 0, 0, 1, 0, 0], [1, 0, 0, 0, 1, 0], [1, 0, 0, 10, 11, 20]]
[[1, 0, 0, 0, 0, 0], [1, 1, 0, 0, 0, 0], [1, 0, 1, 0, 0, 0], [1, 0, 0, 1, 0, 0], [1, 0, 0, 0, 1, 0], [1, 0, 0, 0, 1, 20]]
