[[1, 0, 0, 0, 0, 0, 0], [1, 1, 0, 0, 0, 0, 0], [1, 0, 1, 0, 0, 0, 0], [1, 0, 0, 1, 0, 0, 0], [1, 0, 0, 0, 1, 0, 0], [1, 0, 0, 0, 0, 1, 0], [1, 0, 6, 3, 3, 9, 10]]
[[1, 0, 0, 0, 0, 0, 0], [1, 1, 0, 0, 0, 0, 0], [1, 1, 2, 0, 0, 0, 0], [1, 0, 0, 1, 0, 0, 0], [1, 0, 0, 0, 1, 0, 0], [1, 0, 0, 0, 0, 1, 0], [1, 0, 0, 2, 2, 2, 5]]
[[1, 0, 0, 0, 0, 0, 0], [1, 1, 0, 0, 0, 0, 0], [1, 0, 1, 0, 0, 0, 0], [1, 0, 0, 1, 0, 0, 0], [1, 0, 0, 0, 1, 0, 0], [1, 0, 0, 0, 0, 1, 0], [1, 5, 1, 1, 7, 7, 10]]
[[1, 0, 0, 0, 0, 0, 0], [1, 1, 0, 0, 0, 0, 0], [1, 0, 1, 0, 0, 0, 0], [1, 0, 0, 1, 0, 0, 0], [1, 0, 0, 0, 1, 0, 0], [1, 0, 0, 0, 0, 1, 0], [1, 2, 2, 2, 8, 7, 10]]
[[1, 0, 0, 0, 0, 0, 0], [1, 1, 0, 0, 0, 0, 0], [1, 0, 1, 0, 0, 0, 0], [1, 0, 0, 1, 0, 0, 0], [1, 0, 0, 0, 1, 0, 0], [1, 0, 0, 0, 0, 1, 0], [1, 0, 6, 8, 8, 9, 10]]
[[1, 0, 0, 0, 0, 0, 0], [1, 1, 0, 0, 0, 0, 0], [1, 0, 1, 0, 0, 0, 0], [1, 0, 0, 1, 0, 0, 0], [1, 0, 0, 0, 1, 0, 0], [1, 0, 0, 0, 0, 1, 0], [1, 5, 4, 4, 1, 7, 10]]
[[1, 0, 0, 0, 0, 0, 0], [1, 1, 0, 0, 0, 0, 0], [1, 0, 1, 0, 0, 0, 0], [1, 0, 0, 1, 0, 0, 0], [1, 0, 0, 0, 1, 0, 0], [1, 0, 0, 0, 0, 1, 0], [1, 2, 4, 6, 6, 3, 10]]
[[1, 0, 0, 0, 0, 0, 0], [1, 1, 0, 0, 0, 0, 0], [1, 0, 1, 0, 0, 0, 0], [1, 0, 0, 1, 0, 0, 0], [1, 0, 0, 0, 1, 0, 0], [1, 0, 0, 0, 0, 1, 0], [1, 2, 4, 7, 9, 9, 10]]
[[1, 0, 0, 0, 0, 0, 0], [1, 1, 0, 0, 0, 0, 0], [1, 0, 1, 0, 0, 0, 0], [1, 0, 0, 1, 0, 0, 0], [1, 0, 0, 0, 1, 0, 0], [1, 0, 0, 0, 0, 1, 0], [1, 4, 4, 6, 8, 9, 10]]
[[1, 0, 0, 0, 0, 0, 0], [1, 1, 0, 0, 0, 0, 0], [1, 0, 1, 0, 0, 0, 0], [1, 0, 0, 1, 0, 0, 0], [1, 0, 0, 0, 1, 0, 0], [1, 0, 0, 0, 0, 1, 0], [1, 2, 2, 9, 9, 9, 10]]
[[1, 0, 0, 0, 0, 0, 0], [1, 1, 0, 0, 0, 0, 0], [1, 0, 1, 0, 0, 0, 0], [1, 0, 0, 1, 0, 0, 0], [1, 0, 0, 0, 1, 0, 0], [1, 0, 0, 0, 0, 1, 0], [1, 0, 2, 3, 3, 3, 10]]
[[1, 0, 0, 0, 0, 0, 0], [1, 1, 0, 0, 0, 0, 0], [1, 0, 1, 0, 0, 0, 0], [1, 0, 0, 1, 0, 0, 0], [1, 0, 0, 0, 1, 0, 0], [1, 0, 0, 0, 0, 1, 0], [1, 2, 2, 2, 6, 9, 10]]
[[1, 0, 0, 0, 0, 0, 0], [1, 1, 0, 0, 0, 0, 0], [1, 0, 1, 0, 0, 0, 0], [1, 0, 0, 1, 0, 0, 0], [1, 0, 0, 0, 1, 0, 0], [1, 0, 0, 0, 0, 1, 0], [1, 0, 4, 9, 9, 9, 10]]
[[1, 0, 0, 0, 0, 0, 0], [1, 1, 0, 0, 0, 0, 0], [1, 0, 1, 0, 0, 0, 0], [1, 0, 0, 1, 0, 0, 0], [1, 0, 0, 0, 1, 0, 0], [1, 0, 0, 0, 0, 1, 0], [1, 1, 1, 1, 1, 7, 10]]
[[1, 0, 0, 0, 0, 0, 0], [1, 1, 0, 0, 0, 0, 0], [1, 0, 1, 0, 0, 0, 0], [1, 0, 0, 1, 0, 0, 0], [1, 0, 0, 0, 1, 0, 0], [1, 0, 0, 0, 0, 1, 0], [1, 0, 6, 6, 6, 3, 10]]
[[1, 0, 0, 0, 0, 0, 0], [1, 1, 0, 0, 0, 0, 0], [1, 0, 1, 0, 0, 0, 0], [1, 0, 0, 1, 0, 0, 0], [1, 0, 0, 0, 1, 0, 0], [1, 0, 0, 0, 0, 1, 0], [1, 4, 4, 1, 1, 1, 10]]
[[1, 0, 0, 0, 0, 0, 0], [1, 1, 0, 0, 0, 0, 0], [1, 0, 1, 0, 0, 0, 0], [1, 0, 0, 1, 0, 0, 0], [1, 0, 0, 0, 1, 0, 0], [1, 0, 0, 0, 0, 1, 0], [1, 2, 4, 4, 4, 7, 10]]
[[1, 0, 0, 0, 0, 0, 0], [1, 1, 0, 0, 0, 0, 0], [1, 0, 1, 0, 0, 0, 0], [1, 0, 0, 1, 0, 0, 0], [1, 0, 0, 0, 1, 0, 0], [1, 0, 0, 0, 0, 1, 0], [1, 2, 2, 1, 7, 9, 10]]
[[1, 0, 0, 0, 0, 0, 0], [1, 1, 0, 0, 0, 0, 0], [1, 0, 1, 0, 0, 0, 0], [1, 0, 0, 1, 0, 0, 0], [1, 0, 0, 0, 1, 0, 0], [1, 0, 0, 0, 0, 1, 0], [1, 5, 4, 4, 4, 4, 10]]
[[1, 0, 0, 0, 0, 0, 0], [1, 1, 0, 0, 0, 0, 0], [1, 0, 1, 0, 0, 0, 0], [1, 0, 0, 1, 0, 0, 0], [1, 0, 0, 0, 1, 0, 0], [1, 0, 0, 0, 0, 1, 0], [1, 5, 2, 8, 8, 8, 10]]
[[1, 0, 0, 0, 0, 0, 0], [1, 1, 0, 0, 0, 0, 0], [1, 0, 1, 0, 0, 0, 0], [1, 0, 0, 1, 0, 0, 0], [1, 0, 0, 0, 1, 0, 0], [1, 0, 0, 0, 0, 1, 0], [1, 6, 8, 9, 9, 9, 10]]
[[1, 0, 0, 0, 0, 0, 0], [1, 1, 0, 0, 0, 0, 0], [1, 0, 1, 0, 0, 0, 0], [1, 0, 0, 1, 0, 0, 0], [1, 0, 0, 0, 1, 0, 0], [1, 0, 0, 0, 0, 1, 0], [1, 5, 4, 8, 7, 7, 10]]
[[1, 0, 0, 0, 0, 0, 0], [1, 1, 0, 0, 0, 0, 0], [1, 0, 1, 0, 0, 0, 0], [1, 0, 0, 1, 0, 0, 0], [1, 0, 0, 0, 1, 0, 0], [1, 0, 0, 0, 0, 1, 0], [1, 5, 6, 6, 6, 8, 10]]
[[1, 0, 0, 0, 0, 0, 0], [1, 1, 0, 0, 0, 0, 0], [1, 0, 1, 0, 0, 0, 0], [1, 0, 0, 1, 0, 0, 0], [1, 0, 0, 0, 1, 0, 0], [1, 0, 0, 0, 0, 1, 0], [1, 2, 6, 6, 8, 9, 10]]
[[1, 0, 0, 0, 0, 0, 0], [1, 1, 0, 0, 0, 0, 0], [1, 0, 1, 0, 0, 0, 0], [1, 0, 0, 1, 0, 0, 0], [1, 0, 0, 0, 1, 0, 0], [1, 0, 0, 0, 0, 1, 0], [1, 2, 4, 3, 3, 9, 10]]
[[1, 0, 0, 0, 0, 0, 0], [1, 1, 0, 0, 0, 0, 0], [1, 0, 1, 0, 0, 0, 0], [1, 0, 0, 1, 0, 0, 0], [1, 0, 0, 0, 1, 0, 0], [1, 0, 0, 0, 0, 1, 0], [1, 2, 2, 3, 7, 7, 10]]
[[1, 0, 0, 0, 0, 0, 0], [1, 1, 0, 0, 0, 0, 0], [1, 0, 1, 0, 0, 0, 0], [1, 0, 0, 1, 0, 0, 0], [1, 0, 0, 0, 1, 0, 0], [1, 0, 0, 0, 0, 1, 0], [1, 2, 2, 2, 2, 3, 10]]
[[1, 0, 0, 0, 0, 0, 0], [1, 1, 0, 0, 0, 0, 0], [1, 0, 1, 0, 0, 0, 0], [1, 0, 0, 1, 0, 0, 0], [1, 0, 0, 0, 1, 0, 0], [1, 0, 0, 0, 0, 1, 0], [1, 5, 2, 2, 1, 1, 10]]
[[1, 0, 0, 0, 0, 0, 0], [1, 1, 0, 0, 0, 0, 0], [1, 0, 1, 0, 0, 0, 0], [1, 0, 0, 1, 0, 0, 0], [1, 0, 0, 0, 1, 0, 0], [1, 0, 0, 0, 0, 1, 0], [1, 2, 6, 1, 1, 1, 10]]
[[1, 0, 0, 0, 0, 0, 0], [1, 1, 0, 0, 0, 0, 0], [1, 0, 1, 0, 0, 0, 0], [1, 0, 0, 1, 0, 0, 0], [1, 0, 0, 0, 1, 0, 0], [1, 0, 0, 0, 0, 1, 0], [1, 4, 6, 6, 6, 9, 10]]
[[1, 0, 0, 0, 0, 0, 0], [1, 1, 0, 0, 0, 0, 0], [1, 0, 1, 0, 0, 0, 0], [1, 0, 0, 1, 0, 0, 0], [1, 0, 0, 0, 1, 0, 0], [1, 0, 0, 0, 0, 1, 0], [1, 4, 4, 7, 7, 9, 10]]
[[1, 0, 0, 0, 0, 0, 0], [1, 1, 0, 0, 0, 0, 0], [1, 0, 1, 0, 0, 0, 0], [1, 0, 0, 1, 0, 0, 0], [1, 0, 0, 0, 1, 0, 0], [1, 0, 0, 0, 0, 1, 0], [1, 5, 5, 4, 8, 9, 10]]
[[1, 0, 0, 0, 0, 0, 0], [1, 1, 0, 0, 0, 0, 0], [1, 0, 1, 0, 0, 0, 0], [1, 0, 0, 1, 0, 0, 0], [1, 0, 0, 0, 1, 0, 0], [1, 0, 0, 0, 0, 1, 0], [1, 5, 2, 2, 6, 6, 10]]
[[1, 0, 0, 0, 0, 0, 0], [1, 1, 0, 0, 0, 0, 0], [1, 0, 1, 0, 0, 0, 0], [1, 0, 0, 1, 0, 0, 0], [1, 0, 0, 0, 1, 0, 0], [1, 0, 0, 0, 0, 1, 0], [1, 2, 2, 2, 4, 1, 10]]
[[1, 0, 0, 0, 0, 0, 0], [1, 1, 0, 0, 0, 0, 0], [1, 0, 1, 0, 0, 0, 0], [1, 0, 0, 1, 0, 0, 0], [1, 0, 0, 0, 1, 0, 0], [1, 0, 0, 0, 0, 1, 0], [1, 0, 4, 4, 4, 9, 10]]
[[1, 0, 0, 0, 0, 0, 0], [1, 1, 0, 0, 0, 0, 0], [1, 0, 1, 0, 0, 0, 0], [1, 0, 0, 1, 0, 0, 0], [1, 0, 0, 0, 1, 0, 0], [1, 0, 0, 0, 0, 1, 0], [1, 2, 6, 1, 3, 9, 10]]
[[1, 0, 0, 0, 0, 0, 0], [1, 1, 0, 0, 0, 0, 0], [1, 0, 1, 0, 0, 0, 0], [1, 0, 0, 1, 0, 0, 0], [1, 0, 0, 0, 1, 0, 0], [1, 0, 0, 0, 0, 1, 0], [1, 5, 4, 6, 8, 8, 10]]
[[1, 0, 0, 0, 0, 0, 0], [1, 1, 0, 0, 0, 0, 0], [1, 0, 1, 0, 0, 0, 0], [1, 0, 0, 1, 0, 0, 0], [1, 0, 0, 0, 1, 0, 0], [1, 0, 0, 0, 0, 1, 0], [1, 2, 2, 1, 3, 3, 10]]
[[1, 0, 0, 0, 0, 0, 0], [1, 1, 0, 0, 0, 0, 0], [1, 0, 1, 0, 0, 0, 0], [1, 0, 0, 1, 0, 0, 0], [1, 0, 0, 0, 1, 0, 0], [1, 0, 0, 0, 0, 1, 0], [1, 2, 4, 1, 7, 7, 10]]
[[1, 0, 0, 0, 0, 0, 0], [1, 1, 0, 0, 0, 0, 0], [1, 0, 1, 0, 0, 0, 0], [1, 0, 0, 1, 0, 0, 0], [1, 0, 0, 0, 1, 0, 0], [1, 0, 0, 0, 0, 1, 0], [1, 5, 2, 8, 7, 9, 10]]
[[1, 0, 0, 0, 0, 0, 0], [1, 1, 0, 0, 0, 0, 0], [1, 0, 1, 0, 0, 0, 0], [1, 0, 0, 1, 0, 0, 0], [1, 0, 0, 0, 1, 0, 0], [1, 0, 0, 0, 0, 1, 0], [1, 5, 1, 1, 1, 3, 10]]
[[1, 0, 0, 0, 0, 0, 0], [1, 1, 0, 0, 0, 0, 0], [1, 0, 1, 0, 0, 0, 0], [1, 0, 0, 1, 0, 0, 0], [1, 0, 0, 0, 1, 0, 0], [1, 0, 0, 0, 0, 1, 0], [1, 2, 8, 3, 9, 9, 10]]
[[1, 0, 0, 0, 0, 0, 0], [1, 1, 0, 0, 0, 0, 0], [1, 0, 1, 0, 0, 0, 0], [1, 0, 0, 1, 0, 0, 0], [1, 0, 0, 0, 1, 0, 0], [1, 0, 0, 0, 0, 1, 0], [1, 0, 5, 8, 9, 9, 10]]
[[1, 0, 0, 0, 0, 0, 0], [1, 1, 0, 0, 0, 0, 0], [1, 0, 1, 0, 0, 0, 0], [1, 0, 0, 1, 0, 0, 0], [1, 0, 0, 0, 1, 0, 0], [1, 0, 0, 0, 0, 1, 0], [1, 1, 1, 3, 3, 3, 10]]
[[1, 0, 0, 0, 0, 0, 0], [1, 1, 0, 0, 0, 0, 0], [1, 0, 1, 0, 0, 0, 0], [1, 0, 0, 1, 0, 0, 0], [1, 0, 0, 0, 1, 0, 0], [1, 0, 0, 0, 0, 1, 0], [1, 2, 4, 8, 8, 9, 10]]
[[1, 0, 0, 0, 0, 0, 0], [1, 1, 0, 0, 0, 0, 0], [1, 0, 1, 0, 0, 0, 0], [1, 0, 0, 1, 0, 0, 0], [1, 0, 0, 0, 1, 0, 0], [1, 0, 0, 0, 0, 1, 0], [1, 3, 3, 3, 3, 9, 10]]
[[1, 0, 0, 0, 0, 0, 0], [1, 1, 0, 0, 0, 0, 0], [1, 0, 1, 0, 0, 0, 0], [1, 0, 0, 1, 0, 0, 0], [1, 0, 0, 0, 1, 0, 0], [1, 0, 0, 0, 0, 1, 0], [1, 2, 2, 4, 6, 7, 10]]
[[1, 0, 0, 0, 0, 0, 0], [1, 1, 0, 0, 0, 0, 0], [1, 0, 1, 0, 0, 0, 0], [1, 0, 0, 1, 0, 0, 0], [1, 0, 0, 0, 1, 0, 0], [1, 0, 0, 0, 0, 1, 0], [1, 5, 2, 2, 3, 9, 10]]
[[1, 0, 0, 0, 0, 0, 0], [1, 1, 0, 0, 0, 0, 0], [1, 0, 1, 0, 0, 0, 0], [1, 0, 0, 1, 0, 0, 0], [1, 0, 0, 0, 1, 0, 0], [1, 0, 0, 0, 0, 1, 0], [1, 5, 5, 3, 9, 9, 10]]
[[1, 0, 0, 0, 0, 0, 0], [1, 1, 0, 0, 0, 0, 0], [1, 0, 1, 0, 0, 0, 0], [1, 0, 0, 1, 0, 0, 0], [1, 0, 0, 0, 1, 0, 0], [1, 0, 0, 0, 0, 1, 0], [1, 5, 5, 6, 6, 9, 10]]
[[1, 0, 0, 0, 0, 0, 0], [1, 1, 0, 0, 0, 0, 0], [1, 0, 1, 0, 0, 0, 0], [1, 0, 0, 1, 0, 0, 0], [1, 0, 0, 0, 1, 0, 0], [1, 0, 0, 0, 0, 1, 0], [1, 5, 2, 6, 9, 9, 10]]
[[1, 0, 0, 0, 0, 0, 0], [1, 1, 0, 0, 0, 0, 0], [1, 0, 1, 0, 0, 0, 0], [1, 0, 0, 1, 0, 0, 0], [1, 0, 0, 0, 1, 0, 0], [1, 0, 0, 0, 0, 1, 0], [1, 2, 6, 6, 6, 1, 10]]
[[1, 0, 0, 0, 0, 0, 0], [1, 1, 0, 0, 0, 0, 0], [1, 0, 1, 0, 0, 0, 0], [1, 0, 0, 1, 0, 0, 0], [1, 0, 0, 0, 1, 0, 0], [1, 0, 0, 0, 0, 1, 0], [1, 5, 5, 2, 6, 3, 10]]
[[1, 0, 0, 0, 0, 0, 0], [1, 1, 0, 0, 0, 0, 0], [1, 0, 1, 0, 0, 0, 0], [1, 0, 0, 1, 0, 0, 0], [1, 0, 0, 0, 1, 0, 0], [1, 0, 0, 0, 0, 1, 0], [1, 5, 9, 9, 9, 9, 10]]
[[1, 0, 0, 0, 0, 0, 0], [1, 1, 0, 0, 0, 0, 0], [1, 0, 1, 0, 0, 0, 0], [1, 0, 0, 1, 0, 0, 0], [1, 0, 0, 0, 1, 0, 0], [1, 0, 0, 0, 0, 1, 0], [1, 2, 2, 4, 4, 9, 10]]
[[1, 0, 0, 0, 0, 0, 0], [1, 1, 0, 0, 0, 0, 0], [1, 0, 1, 0, 0, 0, 0], [1, 0, 0, 1, 0, 0, 0], [1, 0, 0, 0, 1, 0, 0], [1, 0, 0, 0, 0, 1, 0], [1, 4, 4, 8, 8, 7, 10]]
[[1, 0, 0, 0, 0, 0, 0], [1, 1, 0, 0, 0, 0, 0], [1, 0, 1, 0, 0, 0, 0], [1, 0, 0, 1, 0, 0, 0], [1, 0, 0, 0, 1, 0, 0], [1, 0, 0, 0, 0, 1, 0], [1, 5, 2, 8, 3, 3, 10]]
[[1, 0, 0, 0, 0, 0, 0], [1, 1, 0, 0, 0, 0, 0], [1, 0, 1, 0, 0, 0, 0], [1, 0, 0, 1, 0, 0, 0], [1, 0, 0, 0, 1, 0, 0], [1, 0, 0, 0, 0, 1, 0], [1, 2, 4, 1, 1, 3, 10]]
[[1, 0, 0, 0, 0, 0, 0], [1, 1, 0, 0, 0, 0, 0], [1, 0, 1, 0, 0, 0, 0], [1, 0, 0, 1, 0, 0, 0], [1, 0, 0, 0, 1, 0, 0], [1, 0, 0, 0, 0, 1, 0], [1, 6, 6, 3, 3, 3, 10]]
[[1, 0, 0, 0, 0, 0, 0], [1, 1, 0, 0, 0, 0, 0], [1, 0, 1, 0, 0, 0, 0], [1, 0, 0, 1, 0, 0, 0], [1, 0, 0, 0, 1, 0, 0], [1, 0, 0, 0, 0, 1, 0], [1, 5, 5, 5, 8, 8, 10]]
[[1, 0, 0, 0, 0, 0, 0], [1, 1, 0, 0, 0, 0, 0], [1, 0, 1, 0, 0, 0, 0], [1, 0, 0, 1, 0, 0, 0], [1, 0, 0, 0, 1, 0, 0], [1, 0, 0, 0, 0, 1, 0], [1, 8, 8, 8, 8, 9, 10]]
[[1, 0, 0, 0, 0, 0, 0], [1, 1, 0, 0, 0, 0, 0], [1, 0, 1, 0, 0, 0, 0], [1, 0, 0, 1, 0, 0, 0], [1, 0, 0, 0, 1, 0, 0], [1, 0, 0, 0, 0, 1, 0], [1, 5, 4, 4, 9, 9, 10]]
[[1, 0, 0, 0, 0, 0, 0], [1, 1, 0, 0, 0, 0, 0], [1, 0, 1, 0, 0, 0, 0], [1, 0, 0, 1, 0, 0, 0], [1, 0, 0, 0, 1, 0, 0], [1, 0, 0, 0, 0, 1, 0], [1, 2, 2, 6, 8, 3, 10]]
[[1, 0, 0, 0, 0, 0, 0], [1, 1, 0, 0, 0, 0, 0], [1, 0, 1, 0, 0, 0, 0], [1, 0, 0, 1, 0, 0, 0], [1, 0, 0, 0, 1, 0, 0], [1, 0, 0, 0, 0, 1, 0], [1, 5, 5, 5, 3, 3, 10]]
[[1, 0, 0, 0, 0, 0, 0], [1, 1, 0, 0, 0, 0, 0], [1, 0, 1, 0, 0, 0, 0], [1, 0, 0, 1, 0, 0, 0], [1, 0, 0, 0, 1, 0, 0], [1, 0, 0, 0, 0, 1, 0], [1, 2, 8, 7, 7, 7, 10]]
