[[1, 0, 0, 0, 0, 0, 0], [1, 1, 0, 0, 0, 0, 0], [1, 0, 1, 0, 0, 0, 0], [1, 0, 0, 1, 0, 0, 0], [1, 0, 0, 0, 1, 0, 0], [1, 0, 0, 0, 0, 1, 0], [1, 0, 3, 3, 4, 4, 13]]
[[1, 0, 0, 0, 0, 0, 0], [1, 1, 0, 0, 0, 0, 0], [1, 0, 1, 0, 0, 0, 0], [1, 0, 0, 1, 0, 0, 0], [1, 0, 0, 0, 1, 0, 0], [1, 0, 0, 0, 0, 1, 0], [1, 1, 2, 5, 9, 10, 13]]
[[1, 0, 0, 0, 0, 0, 0], [1, 1, 0, 0, 0, 0, 0], [1, 0, 1, 0, 0, 0, 0], [1, 0, 0, 1, 0, 0, 0], [1, 0, 0, 0, 1, 0, 0], [1, 0, 0, 0, 0, 1, 0], [1, 2, 2, 7, 8, 8, 13]]
[[1, 0, 0, 0, 0, 0, 0], [1, 1, 0, 0, 0, 0, 0], [1, 0, 1, 0, 0, 0, 0], [1, 0, 0, 1, 0, 0, 0], [1, 0, 0, 0, 1, 0, 0], [1, 0, 0, 0, 0, 1, 0], [1, 1, 1, 4, 10, 11, 13]]
[[1, 0, 0, 0, 0, 0, 0], [1, 1, 0, 0, 0, 0, 0], [1, 0, 1, 0, 0, 0, 0], [1, 0, 0, 1, 0, 0, 0], [1, 0, 0, 0, 1, 0, 0], [1, 0, 0, 0, 0, 1, 0], [1, 1, 1, 2, 4, 6, 13]]
[[1, 0, 0, 0, 0, 0, 0], [1, 1, 0, 0, 0, 0, 0], [1, 0, 1, 0, 0, 0, 0], [1, 0, 0, 1, 0, 0, 0], [1, 0, 0, 0, 1, 0, 0], [1, 0, 0, 0, 0, 1, 0], [1, 2, 4, 5, 6, 10, 13]]
[[1, 0, 0, 0, 0, 0, 0], [1, 1, 0, 0, 0, 0, 0], [1, 0, 1, 0, 0, 0, 0], [1, 0, 0, 1, 0, 0, 0], [1, 0, 0, 0, 1, 0, 0], [1, 0, 0, 0, 0, 1, 0], [1, 1, 1, 4, 4, 4, 13]]
[[1, 0, 0, 0, 0, 0, 0], [1, 1, 0, 0, 0, 0, 0], [1, 0, 1, 0, 0, 0, 0], [1, 0, 0, 1, 0, 0, 0], [1, 0, 0, 0, 1, 0, 0], [1, 0, 0, 0, 0, 1, 0], [1, 1, 1, 6, 9, 10, 13]]
[[1, 0, 0, 0, 0, 0, 0], [1, 1, 0, 0, 0, 0, 0], [1, 0, 1, 0, 0, 0, 0], [1, 0, 0, 1, 0, 0, 0], [1, 0, 0, 0, 1, 0, 0], [1, 0, 0, 0, 0, 1, 0], [1, 2, 2, 2, 9, 12, 13]]
[[1, 0, 0, 0, 0, 0, 0], [1, 1, 0, 0, 0, 0, 0], [1, 0, 1, 0, 0, 0, 0], [1, 0, 0, 1, 0, 0, 0], [1, 0, 0, 0, 1, 0, 0], [1, 0, 0, 0, 0, 1, 0], [1, 0, 2, 5, 10, 10, 13]]
[[1, 0, 0, 0, 0, 0, 0], [1, 1, 0, 0, 0, 0, 0], [1, 0, 1, 0, 0, 0, 0], [1, 0, 0, 1, 0, 0, 0], [1, 0, 0, 0, 1, 0, 0], [1, 0, 0, 0, 0, 1, 0], [1, 4, 8, 8, 8, 12, 13]]
[[1, 0, 0, 0, 0, 0, 0], [1, 1, 0, 0, 0, 0, 0], [1, 0, 1, 0, 0, 0, 0], [1, 0, 0, 1, 0, 0, 0], [1, 0, 0, 0, 1, 0, 0], [1, 0, 0, 0, 0, 1, 0], [1, 4, 4, 8, 12, 12, 13]]
[[1, 0, 0, 0, 0, 0, 0], [1, 1, 0, 0, 0, 0, 0], [1, 0, 1, 0, 0, 0, 0], [1, 0, 0, 1, 0, 0, 0], [1, 0, 0, 0, 1, 0, 0], [1, 0, 0, 0, 0, 1, 0], [1, 1, 1, 1, 1, 10, 13]]
[[1, 0, 0, 0, 0, 0, 0], [1, 1, 0, 0, 0, 0, 0], [1, 0, 1, 0, 0, 0, 0], [1, 0, 0, 1, 0, 0, 0], [1, 0, 0, 0, 1, 0, 0], [1, 0, 0, 0, 0, 1, 0], [1, 1, 2, 2, 4, 5, 13]]
[[1, 0, 0, 0, 0, 0, 0], [1, 1, 0, 0, 0, 0, 0], [1, 0, 1, 0, 0, 0, 0], [1, 0, 0, 1, 0, 0, 0], [1, 0, 0, 0, 1, 0, 0], [1, 0, 0, 0, 0, 1, 0], [1, 2, 2, 5, 6, 12, 13]]
[[1, 0, 0, 0, 0, 0, 0], [1, 1, 0, 0, 0, 0, 0], [1, 0, 1, 0, 0, 0, 0], [1, 0, 0, 1, 0, 0, 0], [1, 0, 0, 0, 1, 0, 0], [1, 0, 0, 0, 0, 1, 0], [1, 1, 1, 2, 3, 7, 13]]
[[1, 0, 0, 0, 0, 0, 0], [1, 1, 0, 0, 0, 0, 0], [1, 0, 1, 0, 0, 0, 0], [1, 0, 0, 1, 0, 0, 0], [1, 0, 0, 0, 1, 0, 0], [1, 0, 0, 0, 0, 1, 0], [1, 2, 2, 7, 7, 9, 13]]
[[1, 0, 0, 0, 0, 0, 0], [1, 1, 0, 0, 0, 0, 0], [1, 0, 1, 0, 0, 0, 0], [1, 0, 0, 1, 0, 0, 0], [1, 0, 0, 0, 1, 0, 0], [1, 0, 0, 0, 0, 1, 0], [1, 1, 1, 8, 8, 9, 13]]
[[1, 0, 0, 0, 0, 0, 0], [1, 1, 0, 0, 0, 0, 0], [1, 0, 1, 0, 0, 0, 0], [1, 0, 0, 1, 0, 0, 0], [1, 0, 0, 0, 1, 0, 0], [1, 0, 0, 0, 0, 1, 0], [1, 1, 4, 7, 7, 8, 13]]
[[1, 0, 0, 0, 0, 0, 0], [1, 1, 0, 0, 0, 0, 0], [1, 0, 1, 0, 0, 0, 0], [1, 0, 0, 1, 0, 0, 0], [1, 0, 0, 0, 1, 0, 0], [1, 0, 0, 0, 0, 1, 0], [1, 1, 2, 3, 4, 4, 13]]
[[1, 0, 0, 0, 0, 0, 0], [1, 1, 0, 0, 0, 0, 0], [1, 0, 1, 0, 0, 0, 0], [1, 0, 0, 1, 0, 0, 0], [1, 0, 0, 0, 1, 0, 0], [1, 0, 0, 0, 0, 1, 0], [1, 1, 3, 6, 8, 9, 13]]
[[1, 0, 0, 0, 0, 0, 0], [1, 1, 0, 0, 0, 0, 0], [1, 0, 1, 0, 0, 0, 0], [1, 0, 0, 1, 0, 0, 0], [1, 0, 0, 0, 1, 0, 0], [1, 0, 0, 0, 0, 1, 0], [1, 2, 2, 2, 3, 5, 13]]
[[1, 0, 0, 0, 0, 0, 0], [1, 1, 0, 0, 0, 0, 0], [1, 0, 1, 0, 0, 0, 0], [1, 0, 0, 1, 0, 0, 0], [1, 0, 0, 0, 1, 0, 0], [1, 0, 0, 0, 0, 1, 0], [1, 2, 5, 5, 5, 10, 13]]
[[1, 0, 0, 0, 0, 0, 0], [1, 1, 0, 0, 0, 0, 0], [1, 0, 1, 0, 0, 0, 0], [1, 0, 0, 1, 0, 0, 0], [1, 0, 0, 0, 1, 0, 0], [1, 0, 0, 0, 0, 1, 0], [1, 1, 1, 2, 2, 8, 13]]
[[1, 0, 0, 0, 0, 0, 0], [1, 1, 0, 0, 0, 0, 0], [1, 0, 1, 0, 0, 0, 0], [1, 0, 0, 1, 0, 0, 0], [1, 0, 0, 0, 1, 0, 0], [1, 0, 0, 0, 0, 1, 0], [1, 0, 3, 6, 6, 12, 13]]
[[1, 0, 0, 0, 0, 0, 0], [1, 1, 0, 0, 0, 0, 0], [1, 0, 1, 0, 0, 0, 0], [1, 0, 0, 1, 0, 0, 0], [1, 0, 0, 0, 1, 0, 0], [1, 0, 0, 0, 0, 1, 0], [1, 3, 3, 6, 6, 9, 13]]
[[1, 0, 0, 0, 0, 0, 0], [1, 1, 0, 0, 0, 0, 0], [1, 0, 1, 0, 0, 0, 0], [1, 0, 0, 1, 0, 0, 0], [1, 0, 0, 0, 1, 0, 0], [1, 0, 0, 0, 0, 1, 0], [1, 1, 1, 3, 11, 11, 13]]
[[1, 0, 0, 0, 0, 0, 0], [1, 1, 0, 0, 0, 0, 0], [1, 0, 1, 0, 0, 0, 0], [1, 0, 0, 1, 0, 0, 0], [1, 0, 0, 0, 1, 0, 0], [1, 0, 0, 0, 0, 1, 0], [1, 0, 4, 12, 12, 12, 13]]
[[1, 0, 0, 0, 0, 0, 0], [1, 1, 0, 0, 0, 0, 0], [1, 0, 1, 0, 0, 0, 0], [1, 0, 0, 1, 0, 0, 0], [1, 0, 0, 0, 1, 0, 0], [1, 0, 0, 0, 0, 1, 0], [1, 0, 3, 8, 8, 8, 13]]
[[1, 0, 0, 0, 0, 0, 0], [1, 1, 0, 0, 0, 0, 0], [1, 0, 1, 0, 0, 0, 0], [1, 0, 0, 1, 0, 0, 0], [1, 0, 0, 0, 1, 0, 0], [1, 0, 0, 0, 0, 1, 0], [1, 3, 4, 6, 6, 8, 13]]
[[1, 0, 0, 0, 0, 0, 0], [1, 1, 0, 0, 0, 0, 0], [1, 0, 1, 0, 0, 0, 0], [1, 0, 0, 1, 0, 0, 0], [1, 0, 0, 0, 1, 0, 0], [1, 0, 0, 0, 0, 1, 0], [1, 2, 2, 2, 4, 4, 13]]
[[1, 0, 0, 0, 0, 0, 0], [1, 1, 0, 0, 0, 0, 0], [1, 0, 1, 0, 0, 0, 0], [1, 0, 0, 1, 0, 0, 0], [1, 0, 0, 0, 1, 0, 0], [1, 0, 0, 0, 0, 1, 0], [1, 3, 6, 6, 6, 6, 13]]
[[1, 0, 0, 0, 0, 0, 0], [1, 1, 0, 0, 0, 0, 0], [1, 0, 1, 0, 0, 0, 0], [1, 0, 0, 1, 0, 0, 0], [1, 0, 0, 0, 1, 0, 0], [1, 0, 0, 0, 0, 1, 0], [1, 1, 5, 7, 7, 7, 13]]
[[1, 0, 0, 0, 0, 0, 0], [1, 1, 0, 0, 0, 0, 0], [1, 0, 1, 0, 0, 0, 0], [1, 0, 0, 1, 0, 0, 0], [1, 0, 0, 0, 1, 0, 0], [1, 0, 0, 0, 0, 1, 0], [1, 2, 4, 4, 7, 10, 13]]
[[1, 0, 0, 0, 0, 0, 0], [1, 1, 0, 0, 0, 0, 0], [1, 0, 1, 0, 0, 0, 0], [1, 0, 0, 1, 0, 0, 0], [1, 0, 0, 0, 1, 0, 0], [1, 0, 0, 0, 0, 1, 0], [1, 1, 2, 6, 8, 10, 13]]
[[1, 0, 0, 0, 0, 0, 0], [1, 1, 0, 0, 0, 0, 0], [1, 0, 1, 0, 0, 0, 0], [1, 0, 0, 1, 0, 0, 0], [1, 0, 0, 0, 1, 0, 0], [1, 0, 0, 0, 0, 1, 0], [1, 1, 2, 2, 3, 6, 13]]
[[1, 0, 0, 0, 0, 0, 0], [1, 1, 0, 0, 0, 0, 0], [1, 0, 1, 0, 0, 0, 0], [1, 0, 0, 1, 0, 0, 0], [1, 0, 0, 0, 1, 0, 0], [1, 0, 0, 0, 0, 1, 0], [1, 0, 2, 4, 4, 4, 13]]
[[1, 0, 0, 0, 0, 0, 0], [1, 1, 0, 0, 0, 0, 0], [1, 0, 1, 0, 0, 0, 0], [1, 0, 0, 1, 0, 0, 0], [1, 0, 0, 0, 1, 0, 0], [1, 0, 0, 0, 0, 1, 0], [1, 2, 6, 8, 12, 12, 13]]
[[1, 0, 0, 0, 0, 0, 0], [1, 1, 0, 0, 0, 0, 0], [1, 0, 1, 0, 0, 0, 0], [1, 0, 0, 1, 0, 0, 0], [1, 0, 0, 0, 1, 0, 0], [1, 0, 0, 0, 0, 1, 0], [1, 2, 4, 7, 7, 7, 13]]
[[1, 0, 0, 0, 0, 0, 0], [1, 1, 0, 0, 0, 0, 0], [1, 0, 1, 0, 0, 0, 0], [1, 0, 0, 1, 0, 0, 0], [1, 0, 0, 0, 1, 0, 0], [1, 0, 0, 0, 0, 1, 0], [1, 1, 1, 1, 4, 7, 13]]
[[1, 0, 0, 0, 0, 0, 0], [1, 1, 0, 0, 0, 0, 0], [1, 0, 1, 0, 0, 0, 0], [1, 0, 0, 1, 0, 0, 0], [1, 0, 0, 0, 1, 0, 0], [1, 0, 0, 0, 0, 1, 0], [1, 1, 4, 6, 8, 8, 13]]
[[1, 0, 0, 0, 0, 0, 0], [1, 1, 0, 0, 0, 0, 0], [1, 0, 1, 0, 0, 0, 0], [1, 0, 0, 1, 0, 0, 0], [1, 0, 0, 0, 1, 0, 0], [1, 0, 0, 0, 0, 1, 0], [1, 0, 2, 2, 4, 6, 13]]
[[1, 0, 0, 0, 0, 0, 0], [1, 1, 0, 0, 0, 0, 0], [1, 0, 1, 0, 0, 0, 0], [1, 0, 0, 1, 0, 0, 0], [1, 0, 0, 0, 1, 0, 0], [1, 0, 0, 0, 0, 1, 0], [1, 0, 5, 5, 5, 12, 13]]
[[1, 0, 0, 0, 0, 0, 0], [1, 1, 0, 0, 0, 0, 0], [1, 0, 1, 0, 0, 0, 0], [1, 0, 0, 1, 0, 0, 0], [1, 0, 0, 0, 1, 0, 0], [1, 0, 0, 0, 0, 1, 0], [1, 2, 2, 6, 8, 9, 13]]
[[1, 0, 0, 0, 0, 0, 0], [1, 1, 0, 0, 0, 0, 0], [1, 0, 1, 0, 0, 0, 0], [1, 0, 0, 1, 0, 0, 0], [1, 0, 0, 0, 1, 0, 0], [1, 0, 0, 0, 0, 1, 0], [1, 1, 1, 1, 2, 9, 13]]
[[1, 0, 0, 0, 0, 0, 0], [1, 1, 0, 0, 0, 0, 0], [1, 0, 1, 0, 0, 0, 0], [1, 0, 0, 1, 0, 0, 0], [1, 0, 0, 0, 1, 0, 0], [1, 0, 0, 0, 0, 1, 0], [1, 1, 3, 7, 7, 9, 13]]
[[1, 0, 0, 0, 0, 0, 0], [1, 1, 0, 0, 0, 0, 0], [1, 0, 1, 0, 0, 0, 0], [1, 0, 0, 1, 0, 0, 0], [1, 0, 0, 0, 1, 0, 0], [1, 0, 0, 0, 0, 1, 0], [1, 3, 3, 3, 6, 12, 13]]
[[1, 0, 0, 0, 0, 0, 0], [1, 1, 0, 0, 0, 0, 0], [1, 0, 1, 0, 0, 0, 0], [1, 0, 0, 1, 0, 0, 0], [1, 0, 0, 0, 1, 0, 0], [1, 0, 0, 0, 0, 1, 0], [1, 1, 1, 3, 4, 5, 13]]
[[1, 0, 0, 0, 0, 0, 0], [1, 1, 0, 0, 0, 0, 0], [1, 0, 1, 0, 0, 0, 0], [1, 0, 0, 1, 0, 0, 0], [1, 0, 0, 0, 1, 0, 0], [1, 0, 0, 0, 0, 1, 0], [1, 1, 2, 6, 9, 9, 13]]
[[1, 0, 0, 0, 0, 0, 0], [1, 1, 0, 0, 0, 0, 0], [1, 0, 1, 0, 0, 0, 0], [1, 0, 0, 1, 0, 0, 0], [1, 0, 0, 0, 1, 0, 0], [1, 0, 0, 0, 0, 1, 0], [1, 2, 4, 4, 5, 12, 13]]
[[1, 0, 0, 0, 0, 0, 0], [1, 1, 0, 0, 0, 0, 0], [1, 0, 1, 0, 0, 0, 0], [1, 0, 0, 1, 0, 0, 0], [1, 0, 0, 0, 1, 0, 0], [1, 0, 0, 0, 0, 1, 0], [1, 1, 2, 7, 7, 10, 13]]
[[1, 0, 0, 0, 0, 0, 0], [1, 1, 0, 0, 0, 0, 0], [1, 0, 1, 0, 0, 0, 0], [1, 0, 0, 1, 0, 0, 0], [1, 0, 0, 0, 1, 0, 0], [1, 0, 0, 0, 0, 1, 0], [1, 4, 4, 10, 10, 12, 13]]
[[1, 0, 0, 0, 0, 0, 0], [1, 1, 0, 0, 0, 0, 0], [1, 0, 1, 0, 0, 0, 0], [1, 0, 0, 1, 0, 0, 0], [1, 0, 0, 0, 1, 0, 0], [1, 0, 0, 0, 0, 1, 0], [1, 2, 3, 3, 3, 3, 13]]
[[1, 0, 0, 0, 0, 0, 0], [1, 1, 0, 0, 0, 0, 0], [1, 0, 1, 0, 0, 0, 0], [1, 0, 0, 1, 0, 0, 0], [1, 0, 0, 0, 1, 0, 0], [1, 0, 0, 0, 0, 1, 0], [1, 5, 12, 12, 12, 12, 13]]
[[1, 0, 0, 0, 0, 0, 0], [1, 1, 0, 0, 0, 0, 0], [1, 0, 1, 0, 0, 0, 0], [1, 0, 0, 1, 0, 0, 0], [1, 0, 0, 0, 1, 0, 0], [1, 0, 0, 0, 0, 1, 0], [1, 3, 3, 3, 9, 9, 13]]
[[1, 0, 0, 0, 0, 0, 0], [1, 1, 0, 0, 0, 0, 0], [1, 0, 1, 0, 0, 0, 0], [1, 0, 0, 1, 0, 0, 0], [1, 0, 0, 0, 1, 0, 0], [1, 0, 0, 0, 0, 1, 0], [1, 1, 1, 1, 3, 8, 13]]
[[1, 0, 0, 0, 0, 0, 0], [1, 1, 0, 0, 0, 0, 0], [1, 0, 1, 0, 0, 0, 0], [1, 0, 0, 1, 0, 0, 0], [1, 0, 0, 0, 1, 0, 0], [1, 0, 0, 0, 0, 1, 0], [1, 2, 2, 3, 8, 12, 13]]
[[1, 0, 0, 0, 0, 0, 0], [1, 1, 0, 0, 0, 0, 0], [1, 0, 1, 0, 0, 0, 0], [1, 0, 0, 1, 0, 0, 0], [1, 0, 0, 0, 1, 0, 0], [1, 0, 0, 0, 0, 1, 0], [1, 1, 3, 3, 3, 4, 13]]
[[1, 0, 0, 0, 0, 0, 0], [1, 1, 0, 0, 0, 0, 0], [1, 0, 1, 0, 0, 0, 0], [1, 0, 0, 1, 0, 0, 0], [1, 0, 0, 0, 1, 0, 0], [1, 0, 0, 0, 0, 1, 0], [1, 2, 3, 5, 5, 12, 13]]
[[1, 0, 0, 0, 0, 0, 0], [1, 1, 0, 0, 0, 0, 0], [1, 0, 1, 0, 0, 0, 0], [1, 0, 0, 1, 0, 0, 0], [1, 0, 0, 0, 1, 0, 0], [1, 0, 0, 0, 0, 1, 0], [1, 1, 2, 2, 2, 7, 13]]
[[1, 0, 0, 0, 0, 0, 0], [1, 1, 0, 0, 0, 0, 0], [1, 0, 1, 0, 0, 0, 0], [1, 0, 0, 1, 0, 0, 0], [1, 0, 0, 0, 1, 0, 0], [1, 0, 0, 0, 0, 1, 0], [1, 1, 1, 7, 9, 9, 13]]
[[1, 0, 0, 0, 0, 0, 0], [1, 1, 0, 0, 0, 0, 0], [1, 0, 1, 0, 0, 0, 0], [1, 0, 0, 1, 0, 0, 0], [1, 0, 0, 0, 1, 0, 0], [1, 0, 0, 0, 0, 1, 0], [1, 1, 1, 7, 7, 11, 13]]
[[1, 0, 0, 0, 0, 0, 0], [1, 1, 0, 0, 0, 0, 0], [1, 0, 1, 0, 0, 0, 0], [1, 0, 0, 1, 0, 0, 0], [1, 0, 0, 0, 1, 0, 0], [1, 0, 0, 0, 0, 1, 0], [1, 2, 2, 4, 7, 12, 13]]
[[1, 0, 0, 0, 0, 0, 0], [1, 1, 0, 0, 0, 0, 0], [1, 0, 1, 0, 0, 0, 0], [1, 0, 0, 1, 0, 0, 0], [1, 0, 0, 0, 1, 0, 0], [1, 0, 0, 0, 0, 1, 0], [1, 1, 2, 3, 3, 5, 13]]
[[1, 0, 0, 0, 0, 0, 0], [1, 1, 0, 0, 0, 0, 0], [1, 0, 1, 0, 0, 0, 0], [1, 0, 0, 1, 0, 0, 0], [1, 0, 0, 0, 1, 0, 0], [1, 0, 0, 0, 0, 1, 0], [1, 2, 3, 4, 6, 12, 13]]
[[1, 0, 0, 0, 0, 0, 0], [1, 1, 0, 0, 0, 0, 0], [1, 0, 1, 0, 0, 0, 0], [1, 0, 0, 1, 0, 0, 0], [1, 0, 0, 0, 1, 0, 0], [1, 0, 0, 0, 0, 1, 0], [1, 3, 3, 11, 11, 12, 13]]
[[1, 0, 0, 0, 0, 0, 0], [1, 1, 0, 0, 0, 0, 0], [1, 0, 1, 0, 0, 0, 0], [1, 0, 0, 1, 0, 0, 0], [1, 0, 0, 0, 1, 0, 0], [1, 0, 0, 0, 0, 1, 0], [1, 0, 3, 4, 8, 12, 13]]
[[1, 0, 0, 0, 0, 0, 0], [1, 1, 0, 0, 0, 0, 0], [1, 0, 1, 0, 0, 0, 0], [1, 0, 0, 1, 0, 0, 0], [1, 0, 0, 0, 1, 0, 0], [1, 0, 0, 0, 0, 1, 0], [1, 2, 3, 6, 8, 8, 13]]
[[1, 0, 0, 0, 0, 0, 0], [1, 1, 0, 0, 0, 0, 0], [1, 0, 1, 0, 0, 0, 0], [1, 0, 0, 1, 0, 0, 0], [1, 0, 0, 0, 1, 0, 0], [1, 0, 0, 0, 0, 1, 0], [1, 2, 2, 12, 12, 12, 13]]
[[1, 0, 0, 0, 0, 0, 0], [1, 1, 0, 0, 0, 0, 0], [1, 0, 1, 0, 0, 0, 0], [1, 0, 0, 1, 0, 0, 0], [1, 0, 0, 0, 1, 0, 0], [1, 0, 0, 0, 0, 1, 0], [1, 1, 1, 7, 8, 10, 13]]
[[1, 0, 0, 0, 0, 0, 0], [1, 1, 0, 0, 0, 0, 0], [1, 0, 1, 0, 0, 0, 0], [1, 0, 0, 1, 0, 0, 0], [1, 0, 0, 0, 1, 0, 0], [1, 0, 0, 0, 0, 1, 0], [1, 1, 3, 7, 8, 8, 13]]
[[1, 0, 0, 0, 0, 0, 0], [1, 1, 0, 0, 0, 0, 0], [1, 0, 1, 0, 0, 0, 0], [1, 0, 0, 1, 0, 0, 0], [1, 0, 0, 0, 1, 0, 0], [1, 0, 0, 0, 0, 1, 0], [1, 1, 2, 4, 10, 10, 13]]
[[1, 0, 0, 0, 0, 0, 0], [1, 1, 0, 0, 0, 0, 0], [1, 0, 1, 0, 0, 0, 0], [1, 0, 0, 1, 0, 0, 0], [1, 0, 0, 0, 1, 0, 0], [1, 0, 0, 0, 0, 1, 0], [1, 1, 1, 3, 3, 6, 13]]
[[1, 0, 0, 0, 0, 0, 0], [1, 1, 0, 0, 0, 0, 0], [1, 0, 1, 0, 0, 0, 0], [1, 0, 0, 1, 0, 0, 0], [1, 0, 0, 0, 1, 0, 0], [1, 0, 0, 0, 0, 1, 0], [1, 1, 2, 7, 8, 9, 13]]
[[1, 0, 0, 0, 0, 0, 0], [1, 1, 0, 0, 0, 0, 0], [1, 0, 1, 0, 0, 0, 0], [1, 0, 0, 1, 0, 0, 0], [1, 0, 0, 0, 1, 0, 0], [1, 0, 0, 0, 0, 1, 0], [1, 1, 1, 6, 8, 11, 13]]
[[1, 0, 0, 0, 0, 0, 0], [1, 1, 0, 0, 0, 0, 0], [1, 0, 1, 0, 0, 0, 0], [1, 0, 0, 1, 0, 0, 0], [1, 0, 0, 0, 1, 0, 0], [1, 0, 0, 0, 0, 1, 0], [1, 1, 1, 2, 5, 5, 13]]
[[1, 0, 0, 0, 0, 0, 0], [1, 1, 0, 0, 0, 0, 0], [1, 0, 1, 0, 0, 0, 0], [1, 0, 0, 1, 0, 0, 0], [1, 0, 0, 0, 1, 0, 0], [1, 0, 0, 0, 0, 1, 0], [1, 0, 2, 2, 2, 8, 13]]
[[1, 0, 0, 0, 0, 0, 0], [1, 1, 0, 0, 0, 0, 0], [1, 0, 1, 0, 0, 0, 0], [1, 0, 0, 1, 0, 0, 0], [1, 0, 0, 0, 1, 0, 0], [1, 0, 0, 0, 0, 1, 0], [1, 1, 1, 5, 9, 11, 13]]
[[1, 0, 0, 0, 0, 0, 0], [1, 1, 0, 0, 0, 0, 0], [1, 0, 1, 0, 0, 0, 0], [1, 0, 0, 1, 0, 0, 0], [1, 0, 0, 0, 1, 0, 0], [1, 0, 0, 0, 0, 1, 0], [1, 1, 3, 5, 9, 9, 13]]
[[1, 0, 0, 0, 0, 0, 0], [1, 1, 0, 0, 0, 0, 0], [1, 0, 1, 0, 0, 0, 0], [1, 0, 0, 1, 0, 0, 0], [1, 0, 0, 0, 1, 0, 0], [1, 0, 0, 0, 0, 1, 0], [1, 1, 1, 5, 10, 10, 13]]
[[1, 0, 0, 0, 0, 0, 0], [1, 1, 0, 0, 0, 0, 0], [1, 0, 1, 0, 0, 0, 0], [1, 0, 0, 1, 0, 0, 0], [1, 0, 0, 0, 1, 0, 0], [1, 0, 0, 0, 0, 1, 0], [1, 0, 2, 2, 5, 5, 13]]
[[1, 0, 0, 0, 0, 0, 0], [1, 1, 0, 0, 0, 0, 0], [1, 0, 1, 0, 0, 0, 0], [1, 0, 0, 1, 0, 0, 0], [1, 0, 0, 0, 1, 0, 0], [1, 0, 0, 0, 0, 1, 0], [1, 2, 4, 10, 12, 12, 13]]
[[1, 0, 0, 0, 0, 0, 0], [1, 1, 0, 0, 0, 0, 0], [1, 0, 1, 0, 0, 0, 0], [1, 0, 0, 1, 0, 0, 0], [1, 0, 0, 0, 1, 0, 0], [1, 0, 0, 0, 0, 1, 0], [1, 2, 2, 3, 3, 4, 13]]
[[1, 0, 0, 0, 0, 0, 0], [1, 1, 0, 0, 0, 0, 0], [1, 0, 1, 0, 0, 0, 0], [1, 0, 0, 1, 0, 0, 0], [1, 0, 0, 0, 1, 0, 0], [1, 0, 0, 0, 0, 1, 0], [1, 4, 6, 6, 12, 12, 13]]
[[1, 0, 0, 0, 0, 0, 0], [1, 1, 0, 0, 0, 0, 0], [1, 0, 1, 0, 0, 0, 0], [1, 0, 0, 1, 0, 0, 0], [1, 0, 0, 0, 1, 0, 0], [1, 0, 0, 0, 0, 1, 0], [1, 0, 2, 3, 3, 6, 13]]
[[1, 0, 0, 0, 0, 0, 0], [1, 1, 0, 0, 0, 0, 0], [1, 0, 1, 0, 0, 0, 0], [1, 0, 0, 1, 0, 0, 0], [1, 0, 0, 0, 1, 0, 0], [1, 0, 0, 0, 0, 1, 0], [1, 1, 1, 1, 5, 6, 13]]
[[1, 0, 0, 0, 0, 0, 0], [1, 1, 0, 0, 0, 0, 0], [1, 0, 1, 0, 0, 0, 0], [1, 0, 0, 1, 0, 0, 0], [1, 0, 0, 0, 1, 0, 0], [1, 0, 0, 0, 0, 1, 0], [1, 1, 2, 8, 8, 8, 13]]
[[1, 0, 0, 0, 0, 0, 0], [1, 1, 0, 0, 0, 0, 0], [1, 0, 1, 0, 0, 0, 0], [1, 0, 0, 1, 0, 0, 0], [1, 0, 0, 0, 1, 0, 0], [1, 0, 0, 0, 0, 1, 0], [1, 2, 2, 2, 2, 6, 13]]
