[[1, 0, 0, 0, 0, 0, 0], [1, 1, 0, 0, 0, 0, 0], [1, 0, 1, 0, 0, 0, 0], [1, 0, 0, 1, 0, 0, 0], [1, 0, 0, 0, 1, 0, 0], [1, 0, 0, 0, 0, 1, 0], [1, 0, 0, 4, 4, 6, 13]]
[[1, 0, 0, 0, 0, 0, 0], [1, 1, 0, 0, 0, 0, 0], [1, 0, 1, 0, 0, 0, 0], [1, 0, 0, 1, 0, 0, 0], [1, 0, 0, 0, 1, 0, 0], [1, 0, 0, 0, 0, 1, 0], [1, 0, 1, 3, 4, 6, 13]]
[[1, 0, 0, 0, 0, 0, 0], [1, 1, 0, 0, 0, 0, 0], [1, 0, 1, 0, 0, 0, 0], [1, 0, 0, 1, 0, 0, 0], [1, 0, 0, 0, 1, 0, 0], [1, 0, 0, 0, 0, 1, 0], [1, 0, 1, 2, 3, 8, 13]]
[[1, 0, 0, 0, 0, 0, 0], [1, 1, 0, 0, 0, 0, 0], [1, 0, 1, 0, 0, 0, 0], [1, 0, 0, 1, 0, 0, 0], [1, 0, 0, 0, 1, 0, 0], [1, 0, 0, 0, 0, 1, 0], [1, 1, 1, 6, 7, 12, 13]]
[[1, 0, 0, 0, 0, 0, 0], [1, 1, 0, 0, 0, 0, 0], [1, 0, 1, 0, 0, 0, 0], [1, 0, 0, 1, 0, 0, 0], [1, 0, 0, 0, 1, 0, 0], [1, 0, 0, 0, 0, 1, 0], [1, 0, 1, 2, 5, 6, 13]]
[[1, 0, 0, 0, 0, 0, 0], [1, 1, 0, 0, 0, 0, 0], [1, 0, 1, 0, 0, 0, 0], [1, 0, 0, 1, 0, 0, 0], [1, 0, 0, 0, 1, 0, 0], [1, 0, 0, 0, 0, 1, 0], [1, 0, 0, 2, 4, 8, 13]]
[[1, 0, 0, 0, 0, 0, 0], [1, 1, 0, 0, 0, 0, 0], [1, 0, 1, 0, 0, 0, 0], [1, 0, 0, 1, 0, 0, 0], [1, 0, 0, 0, 1, 0, 0], [1, 0, 0, 0, 0, 1, 0], [1, 0, 1, 1, 1, 11, 13]]
[[1, 0, 0, 0, 0, 0, 0], [1, 1, 0, 0, 0, 0, 0], [1, 0, 1, 0, 0, 0, 0], [1, 0, 0, 1, 0, 0, 0], [1, 0, 0, 0, 1, 0, 0], [1, 0, 0, 0, 0, 1, 0], [1, 0, 1, 1, 5, 7, 13]]
[[1, 0, 0, 0, 0, 0, 0], [1, 1, 0, 0, 0, 0, 0], [1, 0, 1, 0, 0, 0, 0], [1, 0, 0, 1, 0, 0, 0], [1, 0, 0, 0, 1, 0, 0], [1, 0, 0, 0, 0, 1, 0], [1, 0, 2, 2, 3, 7, 13]]
[[1, 0, 0, 0, 0, 0, 0], [1, 1, 0, 0, 0, 0, 0], [1, 0, 1, 0, 0, 0, 0], [1, 0, 0, 1, 0, 0, 0], [1, 0, 0, 0, 1, 0, 0], [1, 0, 0, 0, 0, 1, 0], [1, 0, 0, 3, 3, 8, 13]]
[[1, 0, 0, 0, 0, 0, 0], [1, 1, 0, 0, 0, 0, 0], [1, 0, 1, 0, 0, 0, 0], [1, 0, 0, 1, 0, 0, 0], [1, 0, 0, 0, 1, 0, 0], [1, 0, 0, 0, 0, 1, 0], [1, 1, 1, 2, 11, 12, 13]]
[[1, 0, 0, 0, 0, 0, 0], [1, 1, 0, 0, 0, 0, 0], [1, 0, 1, 0, 0, 0, 0], [1, 0, 0, 1, 0, 0, 0], [1, 0, 0, 0, 1, 0, 0], [1, 0, 0, 0, 0, 1, 0], [1, 0, 2, 3, 4, 5, 13]]
[[1, 0, 0, 0, 0, 0, 0], [1, 1, 0, 0, 0, 0, 0], [1, 0, 1, 0, 0, 0, 0], [1, 0, 0, 1, 0, 0, 0], [1, 0, 0, 0, 1, 0, 0], [1, 0, 0, 0, 0, 1, 0], [1, 0, 0, 0, 4, 10, 13]]
[[1, 0, 0, 0, 0, 0, 0], [1, 1, 0, 0, 0, 0, 0], [1, 0, 1, 0, 0, 0, 0], [1, 0, 0, 1, 0, 0, 0], [1, 0, 0, 0, 1, 0, 0], [1, 0, 0, 0, 0, 1, 0], [1, 0, 0, 2, 3, 9, 13]]
[[1, 0, 0, 0, 0, 0, 0], [1, 1, 0, 0, 0, 0, 0], [1, 0, 1, 0, 0, 0, 0], [1, 0, 0, 1, 0, 0, 0], [1, 0, 0, 0, 1, 0, 0], [1, 0, 0, 0, 0, 1, 0], [1, 0, 0, 2, 2, 10, 13]]
[[1, 0, 0, 0, 0, 0, 0], [1, 1, 0, 0, 0, 0, 0], [1, 0, 1, 0, 0, 0, 0], [1, 0, 0, 1, 0, 0, 0], [1, 0, 0, 0, 1, 0, 0], [1, 0, 0, 0, 0, 1, 0], [1, 1, 1, 5, 8, 12, 13]]
[[1, 0, 0, 0, 0, 0, 0], [1, 1, 0, 0, 0, 0, 0], [1, 0, 1, 0, 0, 0, 0], [1, 0, 0, 1, 0, 0, 0], [1, 0, 0, 0, 1, 0, 0], [1, 0, 0, 0, 0, 1, 0], [1, 0, 1, 4, 4, 5, 13]]
[[1, 0, 0, 0, 0, 0, 0], [1, 1, 0, 0, 0, 0, 0], [1, 0, 1, 0, 0, 0, 0], [1, 0, 0, 1, 0, 0, 0], [1, 0, 0, 0, 1, 0, 0], [1, 0, 0, 0, 0, 1, 0], [1, 1, 2, 4, 9, 11, 13]]
[[1, 0, 0, 0, 0, 0, 0], [1, 1, 0, 0, 0, 0, 0], [1, 0, 1, 0, 0, 0, 0], [1, 0, 0, 1, 0, 0, 0], [1, 0, 0, 0, 1, 0, 0], [1, 0, 0, 0, 0, 1, 0], [1, 0, 1, 1, 6, 6, 13]]
[[1, 0, 0, 0, 0, 0, 0], [1, 1, 0, 0, 0, 0, 0], [1, 0, 1, 0, 0, 0, 0], [1, 0, 0, 1, 0, 0, 0], [1, 0, 0, 0, 1, 0, 0], [1, 0, 0, 0, 0, 1, 0], [1, 0, 1, 2, 2, 9, 13]]
[[1, 0, 0, 0, 0, 0, 0], [1, 1, 0, 0, 0, 0, 0], [1, 0, 1, 0, 0, 0, 0], [1, 0, 0, 1, 0, 0, 0], [1, 0, 0, 0, 1, 0, 0], [1, 0, 0, 0, 0, 1, 0], [1, 0, 1, 1, 2, 10, 13]]
[[1, 0, 0, 0, 0, 0, 0], [1, 1, 0, 0, 0, 0, 0], [1, 0, 1, 0, 0, 0, 0], [1, 0, 0, 1, 0, 0, 0], [1, 0, 0, 0, 1, 0, 0], [1, 0, 0, 0, 0, 1, 0], [1, 0, 1, 3, 3, 7, 13]]
[[1, 0, 0, 0, 0, 0, 0], [1, 1, 0, 0, 0, 0, 0], [1, 0, 1, 0, 0, 0, 0], [1, 0, 0, 1, 0, 0, 0], [1, 0, 0, 0, 1, 0, 0], [1, 0, 0, 0, 0, 1, 0], [1, 0, 1, 3, 5, 5, 13]]
[[1, 0, 0, 0, 0, 0, 0], [1, 1, 0, 0, 0, 0, 0], [1, 0, 1, 0, 0, 0, 0], [1, 0, 0, 1, 0, 0, 0], [1, 0, 0, 0, 1, 0, 0], [1, 0, 0, 0, 0, 1, 0], [1, 0, 1, 1, 3, 9, 13]]
[[1, 0, 0, 0, 0, 0, 0], [1, 1, 0, 0, 0, 0, 0], [1, 0, 1, 0, 0, 0, 0], [1, 0, 0, 1, 0, 0, 0], [1, 0, 0, 0, 1, 0, 0], [1, 0, 0, 0, 0, 1, 0], [1, 0, 0, 3, 12, 12, 13]]
[[1, 0, 0, 0, 0, 0, 0], [1, 1, 0, 0, 0, 0, 0], [1, 0, 1, 0, 0, 0, 0], [1, 0, 0, 1, 0, 0, 0], [1, 0, 0, 0, 1, 0, 0], [1, 0, 0, 0, 0, 1, 0], [1, 0, 0, 0, 2, 12, 13]]
[[1, 0, 0, 0, 0, 0, 0], [1, 1, 0, 0, 0, 0, 0], [1, 0, 1, 0, 0, 0, 0], [1, 0, 0, 1, 0, 0, 0], [1, 0, 0, 0, 1, 0, 0], [1, 0, 0, 0, 0, 1, 0], [1, 1, 1, 1, 12, 12, 13]]
[[1, 0, 0, 0, 0, 0, 0], [1, 1, 0, 0, 0, 0, 0], [1, 0, 1, 0, 0, 0, 0], [1, 0, 0, 1, 0, 0, 0], [1, 0, 0, 0, 1, 0, 0], [1, 0, 0, 0, 0, 1, 0], [1, 0, 1, 1, 4, 8, 13]]
[[1, 0, 0, 0, 0, 0, 0], [1, 1, 0, 0, 0, 0, 0], [1, 0, 1, 0, 0, 0, 0], [1, 0, 0, 1, 0, 0, 0], [1, 0, 0, 0, 1, 0, 0], [1, 0, 0, 0, 0, 1, 0], [1, 1, 3, 4, 9, 10, 13]]
[[1, 0, 0, 0, 0, 0, 0], [1, 1, 0, 0, 0, 0, 0], [1, 0, 1, 0, 0, 0, 0], [1, 0, 0, 1, 0, 0, 0], [1, 0, 0, 0, 1, 0, 0], [1, 0, 0, 0, 0, 1, 0], [1, 0, 0, 1, 5, 8, 13]]
[[1, 0, 0, 0, 0, 0, 0], [1, 1, 0, 0, 0, 0, 0], [1, 0, 1, 0, 0, 0, 0], [1, 0, 0, 1, 0, 0, 0], [1, 0, 0, 0, 1, 0, 0], [1, 0, 0, 0, 0, 1, 0], [1, 0, 0, 1, 3, 10, 13]]
[[1, 0, 0, 0, 0, 0, 0], [1, 1, 0, 0, 0, 0, 0], [1, 0, 1, 0, 0, 0, 0], [1, 0, 0, 1, 0, 0, 0], [1, 0, 0, 0, 1, 0, 0], [1, 0, 0, 0, 0, 1, 0], [1, 0, 0, 0, 0, 1, 13]]
[[1, 0, 0, 0, 0, 0, 0], [1, 1, 0, 0, 0, 0, 0], [1, 0, 1, 0, 0, 0, 0], [1, 0, 0, 1, 0, 0, 0], [1, 0, 0, 0, 1, 0, 0], [1, 0, 0, 0, 0, 1, 0], [1, 1, 1, 4, 9, 12, 13]]
[[1, 0, 0, 0, 0, 0, 0], [1, 1, 0, 0, 0, 0, 0], [1, 0, 1, 0, 0, 0, 0], [1, 0, 0, 1, 0, 0, 0], [1, 0, 0, 0, 1, 0, 0], [1, 0, 0, 0, 0, 1, 0], [1, 1, 2, 5, 8, 11, 13]]
[[1, 0, 0, 0, 0, 0, 0], [1, 1, 0, 0, 0, 0, 0], [1, 0, 1, 0, 0, 0, 0], [1, 0, 0, 1, 0, 0, 0], [1, 0, 0, 0, 1, 0, 0], [1, 0, 0, 0, 0, 1, 0], [1, 1, 1, 3, 10, 12, 13]]
[[1, 0, 0, 0, 0, 0, 0], [1, 1, 0, 0, 0, 0, 0], [1, 0, 1, 0, 0, 0, 0], [1, 0, 0, 1, 0, 0, 0], [1, 0, 0, 0, 1, 0, 0], [1, 0, 0, 0, 0, 1, 0], [1, 0, 1, 2, 4, 7, 13]]
[[1, 0, 0, 0, 0, 0, 0], [1, 1, 0, 0, 0, 0, 0], [1, 0, 1, 0, 0, 0, 0], [1, 0, 0, 1, 0, 0, 0], [1, 0, 0, 0, 1, 0, 0], [1, 0, 0, 0, 0, 1, 0], [1, 1, 2, 3, 10, 11, 13]]
[[1, 0, 0, 0, 0, 0, 0], [1, 1, 0, 0, 0, 0, 0], [1, 0, 1, 0, 0, 0, 0], [1, 0, 0, 1, 0, 0, 0], [1, 0, 0, 0, 1, 0, 0], [1, 0, 0, 0, 0, 1, 0], [1, 0, 0, 2, 6, 6, 13]]
[[1, 0, 0, 0, 0, 0, 0], [1, 1, 0, 0, 0, 0, 0], [1, 0, 1, 0, 0, 0, 0], [1, 0, 0, 1, 0, 0, 0], [1, 0, 0, 0, 1, 0, 0], [1, 0, 0, 0, 0, 1, 0], [1, 0, 0, 0, 3, 11, 13]]
[[1, 0, 0, 0, 0, 0, 0], [1, 1, 0, 0, 0, 0, 0], [1, 0, 1, 0, 0, 0, 0], [1, 0, 0, 1, 0, 0, 0], [1, 0, 0, 0, 1, 0, 0], [1, 0, 0, 0, 0, 1, 0], [1, 0, 0, 1, 2, 11, 13]]
[[1, 0, 0, 0, 0, 0, 0], [1, 1, 0, 0, 0, 0, 0], [1, 0, 1, 0, 0, 0, 0], [1, 0, 0, 1, 0, 0, 0], [1, 0, 0, 0, 1, 0, 0], [1, 0, 0, 0, 0, 1, 0], [1, 0, 0, 1, 1, 12, 13]]
