[[1, 0, 0, 0, 0, 0, 0], [1, 1, 0, 0, 0, 0, 0], [1, 0, 1, 0, 0, 0, 0], [1, 0, 0, 1, 0, 0, 0], [1, 0, 0, 0, 1, 0, 0], [1, 0, 0, 0, 1, 2, 0], [1, 0, 0, 7, 2, 2, 8]]
[[1, 0, 0, 0, 0, 0, 0], [1, 1, 0, 0, 0, 0, 0], [1, 0, 1, 0, 0, 0, 0], [1, 0, 0, 2, 0, 0, 0], [1, 0, 0, 0, 2, 0, 0], [1, 0, 1, 0, 0, 2, 0], [1, 1, 1, 0, 0, 0, 2]]
[[1, 0, 0, 0, 0, 0, 0], [1, 1, 0, 0, 0, 0, 0], [1, 0, 1, 0, 0, 0, 0], [1, 0, 0, 1, 0, 0, 0], [1, 1, 0, 0, 2, 0, 0], [1, 0, 0, 0, 0, 1, 0], [1, 2, 2, 2, 4, 3, 8]]
[[1, 0, 0, 0, 0, 0, 0], [1, 1, 0, 0, 0, 0, 0], [1, 0, 1, 0, 0, 0, 0], [1, 0, 0, 1, 0, 0, 0], [1, 0, 1, 1, 2, 0, 0], [1, 0, 0, 0, 0, 1, 0], [1, 4, 0, 0, 0, 1, 8]]
[[1, 0, 0, 0, 0, 0, 0], [1, 1, 0, 0, 0, 0, 0], [1, 0, 1, 0, 0, 0, 0], [1, 0, 0, 1, 0, 0, 0], [1, 0, 0, 1, 2, 0, 0], [1, 0, 0, 0, 0, 1, 0], [1, 0, 0, 4, 4, 5, 8]]
[[1, 0, 0, 0, 0, 0, 0], [1, 1, 0, 0, 0, 0, 0], [1, 0, 1, 0, 0, 0, 0], [1, 0, 0, 1, 0, 0, 0], [1, 0, 0, 1, 2, 0, 0], [1, 0, 1, 1, 1, 2, 0], [1, 2, 1, 1, 3, 2, 4]]
[[1, 0, 0, 0, 0, 0, 0], [1, 1, 0, 0, 0, 0, 0], [1, 0, 1, 0, 0, 0, 0], [1, 0, 0, 1, 0, 0, 0], [1, 0, 0, 0, 1, 0, 0], [1, 0, 0, 0, 0, 1, 0], [1, 0, 4, 1, 13, 15, 16]]
[[1, 0, 0, 0, 0, 0, 0], [1, 1, 0, 0, 0, 0, 0], [1, 0, 1, 0, 0, 0, 0], [1, 0, 0, 1, 0, 0, 0], [1, 0, 0, 0, 1, 0, 0], [1, 0, 0, 0, 1, 2, 0], [1, 0, 4, 2, 3, 2, 8]]
[[1, 0, 0, 0, 0, 0, 0], [1, 1, 0, 0, 0, 0, 0], [1, 0, 1, 0, 0, 0, 0], [1, 0, 0, 1, 0, 0, 0], [1, 0, 0, 0, 1, 0, 0], [1, 0, 0, 0, 1, 2, 0], [1, 0, 4, 4, 1, 6, 8]]
[[1, 0, 0, 0, 0, 0, 0], [1, 1, 0, 0, 0, 0, 0], [1, 0, 1, 0, 0, 0, 0], [1, 0, 0, 1, 0, 0, 0], [1, 0, 0, 1, 2, 0, 0], [1, 0, 0, 1, 0, 2, 0], [1, 0, 0, 1, 0, 2, 4]]
[[1, 0, 0, 0, 0, 0, 0], [1, 1, 0, 0, 0, 0, 0], [1, 0, 1, 0, 0, 0, 0], [1, 0, 0, 1, 0, 0, 0], [1, 0, 0, 0, 1, 0, 0], [1, 1, 1, 0, 1, 2, 0], [1, 5, 5, 5, 4, 2, 8]]
[[1, 0, 0, 0, 0, 0, 0], [1, 1, 0, 0, 0, 0, 0], [1, 0, 1, 0, 0, 0, 0], [1, 0, 0, 1, 0, 0, 0], [1, 0, 0, 0, 1, 0, 0], [1, 0, 0, 0, 0, 1, 0], [1, 0, 4, 1, 3, 9, 16]]
[[1, 0, 0, 0, 0, 0, 0], [1, 1, 0, 0, 0, 0, 0], [1, 0, 1, 0, 0, 0, 0], [1, 0, 0, 1, 0, 0, 0], [1, 0, 0, 0, 1, 0, 0], [1, 0, 0, 0, 0, 1, 0], [1, 0, 8, 2, 2, 5, 16]]
[[1, 0, 0, 0, 0, 0, 0], [1, 1, 0, 0, 0, 0, 0], [1, 0, 1, 0, 0, 0, 0], [1, 0, 0, 1, 0, 0, 0], [1, 0, 0, 0, 1, 0, 0], [1, 0, 0, 0, 0, 1, 0], [1, 0, 0, 9, 9, 15, 16]]
[[1, 0, 0, 0, 0, 0, 0], [1, 1, 0, 0, 0, 0, 0], [1, 0, 1, 0, 0, 0, 0], [1, 0, 0, 1, 0, 0, 0], [1, 0, 0, 0, 1, 0, 0], [1, 0, 0, 0, 1, 2, 0], [1, 0, 0, 1, 0, 2, 8]]
[[1, 0, 0, 0, 0, 0, 0], [1, 1, 0, 0, 0, 0, 0], [1, 0, 1, 0, 0, 0, 0], [1, 0, 0, 1, 0, 0, 0], [1, 0, 0, 0, 2, 0, 0], [1, 0, 1, 1, 0, 2, 0], [1, 2, 1, 3, 0, 2, 4]]
[[1, 0, 0, 0, 0, 0, 0], [1, 1, 0, 0, 0, 0, 0], [1, 0, 1, 0, 0, 0, 0], [1, 0, 0, 2, 0, 0, 0], [1, 1, 1, 0, 2, 0, 0], [1, 0, 0, 0, 0, 1, 0], [1, 0, 2, 0, 0, 1, 4]]
[[1, 0, 0, 0, 0, 0, 0], [1, 1, 0, 0, 0, 0, 0], [1, 0, 1, 0, 0, 0, 0], [1, 0, 1, 2, 0, 0, 0], [1, 0, 1, 0, 2, 0, 0], [1, 0, 0, 0, 0, 1, 0], [1, 2, 0, 0, 0, 3, 4]]
[[1, 0, 0, 0, 0, 0, 0], [1, 1, 0, 0, 0, 0, 0], [1, 0, 1, 0, 0, 0, 0], [1, 0, 0, 1, 0, 0, 0], [1, 0, 0, 0, 1, 0, 0], [1, 0, 0, 1, 0, 2, 0], [1, 0, 0, 3, 6, 6, 8]]
[[1, 0, 0, 0, 0, 0, 0], [1, 1, 0, 0, 0, 0, 0], [1, 0, 1, 0, 0, 0, 0], [1, 0, 0, 1, 0, 0, 0], [1, 0, 1, 0, 2, 0, 0], [1, 0, 0, 0, 0, 1, 0], [1, 0, 2, 2, 4, 5, 8]]
[[1, 0, 0, 0, 0, 0, 0], [1, 1, 0, 0, 0, 0, 0], [1, 0, 1, 0, 0, 0, 0], [1, 0, 0, 1, 0, 0, 0], [1, 0, 0, 0, 1, 0, 0], [1, 0, 0, 0, 0, 1, 0], [1, 0, 0, 3, 5, 9, 16]]
[[1, 0, 0, 0, 0, 0, 0], [1, 1, 0, 0, 0, 0, 0], [1, 0, 1, 0, 0, 0, 0], [1, 0, 0, 1, 0, 0, 0], [1, 0, 0, 0, 1, 0, 0], [1, 0, 0, 0, 1, 2, 0], [1, 0, 0, 4, 5, 2, 8]]
[[1, 0, 0, 0, 0, 0, 0], [1, 1, 0, 0, 0, 0, 0], [1, 0, 1, 0, 0, 0, 0], [1, 0, 0, 1, 0, 0, 0], [1, 1, 1, 1, 2, 0, 0], [1, 0, 0, 1, 0, 2, 0], [1, 0, 0, 1, 0, 2, 4]]
[[1, 0, 0, 0, 0, 0, 0], [1, 1, 0, 0, 0, 0, 0], [1, 0, 1, 0, 0, 0, 0], [1, 0, 0, 1, 0, 0, 0], [1, 0, 0, 0, 1, 0, 0], [1, 1, 1, 0, 1, 2, 0], [1, 1, 5, 2, 3, 2, 8]]
[[1, 0, 0, 0, 0, 0, 0], [1, 1, 0, 0, 0, 0, 0], [1, 0, 1, 0, 0, 0, 0], [1, 0, 0, 1, 0, 0, 0], [1, 0, 0, 0, 1, 0, 0], [1, 0, 1, 0, 1, 2, 0], [1, 4, 1, 1, 0, 2, 8]]
[[1, 0, 0, 0, 0, 0, 0], [1, 1, 0, 0, 0, 0, 0], [1, 0, 1, 0, 0, 0, 0], [1, 0, 0, 1, 0, 0, 0], [1, 0, 0, 1, 2, 0, 0], [1, 0, 0, 0, 0, 1, 0], [1, 4, 2, 0, 4, 3, 8]]
[[1, 0, 0, 0, 0, 0, 0], [1, 1, 0, 0, 0, 0, 0], [1, 0, 1, 0, 0, 0, 0], [1, 0, 0, 1, 0, 0, 0], [1, 1, 0, 1, 2, 0, 0], [1, 0, 0, 0, 0, 1, 0], [1, 2, 2, 0, 4, 3, 8]]
[[1, 0, 0, 0, 0, 0, 0], [1, 1, 0, 0, 0, 0, 0], [1, 0, 1, 0, 0, 0, 0], [1, 0, 0, 1, 0, 0, 0], [1, 0, 0, 0, 1, 0, 0], [1, 0, 0, 0, 0, 1, 0], [1, 0, 4, 4, 6, 3, 16]]
[[1, 0, 0, 0, 0, 0, 0], [1, 1, 0, 0, 0, 0, 0], [1, 0, 1, 0, 0, 0, 0], [1, 0, 0, 1, 0, 0, 0], [1, 0, 0, 1, 2, 0, 0], [1, 1, 1, 0, 1, 2, 0], [1, 3, 3, 2, 1, 2, 4]]
[[1, 0, 0, 0, 0, 0, 0], [1, 1, 0, 0, 0, 0, 0], [1, 0, 1, 0, 0, 0, 0], [1, 0, 0, 1, 0, 0, 0], [1, 0, 0, 0, 1, 0, 0], [1, 0, 0, 0, 0, 1, 0], [1, 0, 8, 4, 2, 3, 16]]
[[1, 0, 0, 0, 0, 0, 0], [1, 1, 0, 0, 0, 0, 0], [1, 0, 1, 0, 0, 0, 0], [1, 0, 0, 1, 0, 0, 0], [1, 0, 0, 1, 2, 0, 0], [1, 0, 0, 0, 0, 1, 0], [1, 0, 4, 2, 4, 3, 8]]
[[1, 0, 0, 0, 0, 0, 0], [1, 1, 0, 0, 0, 0, 0], [1, 0, 1, 0, 0, 0, 0], [1, 0, 0, 1, 0, 0, 0], [1, 1, 1, 1, 2, 0, 0], [1, 0, 0, 0, 0, 1, 0], [1, 2, 2, 0, 4, 1, 8]]
[[1, 0, 0, 0, 0, 0, 0], [1, 1, 0, 0, 0, 0, 0], [1, 0, 1, 0, 0, 0, 0], [1, 0, 0, 1, 0, 0, 0], [1, 0, 0, 1, 2, 0, 0], [1, 0, 0, 0, 0, 1, 0], [1, 0, 0, 0, 4, 1, 8]]
[[1, 0, 0, 0, 0, 0, 0], [1, 1, 0, 0, 0, 0, 0], [1, 0, 1, 0, 0, 0, 0], [1, 0, 0, 1, 0, 0, 0], [1, 0, 0, 1, 2, 0, 0], [1, 0, 0, 1, 0, 2, 0], [1, 2, 2, 1, 0, 2, 4]]
[[1, 0, 0, 0, 0, 0, 0], [1, 1, 0, 0, 0, 0, 0], [1, 0, 2, 0, 0, 0, 0], [1, 0, 0, 1, 0, 0, 0], [1, 0, 0, 0, 1, 0, 0], [1, 0, 0, 0, 0, 1, 0], [1, 4, 0, 1, 1, 7, 8]]
[[1, 0, 0, 0, 0, 0, 0], [1, 1, 0, 0, 0, 0, 0], [1, 0, 1, 0, 0, 0, 0], [1, 0, 0, 1, 0, 0, 0], [1, 0, 0, 0, 1, 0, 0], [1, 0, 0, 0, 0, 1, 0], [1, 0, 0, 4, 6, 7, 16]]
[[1, 0, 0, 0, 0, 0, 0], [1, 1, 0, 0, 0, 0, 0], [1, 0, 1, 0, 0, 0, 0], [1, 0, 0, 1, 0, 0, 0], [1, 0, 0, 1, 2, 0, 0], [1, 1, 1, 1, 1, 2, 0], [1, 1, 1, 1, 3, 2, 4]]
[[1, 0, 0, 0, 0, 0, 0], [1, 1, 0, 0, 0, 0, 0], [1, 0, 1, 0, 0, 0, 0], [1, 0, 1, 2, 0, 0, 0], [1, 0, 1, 0, 2, 0, 0], [1, 0, 1, 0, 0, 2, 0], [1, 1, 0, 0, 0, 0, 2]]
[[1, 0, 0, 0, 0, 0, 0], [1, 1, 0, 0, 0, 0, 0], [1, 0, 1, 0, 0, 0, 0], [1, 0, 0, 1, 0, 0, 0], [1, 1, 1, 1, 2, 0, 0], [1, 0, 0, 0, 0, 1, 0], [1, 0, 0, 0, 0, 1, 8]]
[[1, 0, 0, 0, 0, 0, 0], [1, 1, 0, 0, 0, 0, 0], [1, 0, 1, 0, 0, 0, 0], [1, 0, 0, 1, 0, 0, 0], [1, 0, 0, 1, 2, 0, 0], [1, 0, 0, 0, 0, 1, 0], [1, 0, 4, 0, 4, 5, 8]]
[[1, 0, 0, 0, 0, 0, 0], [1, 1, 0, 0, 0, 0, 0], [1, 0, 1, 0, 0, 0, 0], [1, 0, 0, 1, 0, 0, 0], [1, 0, 0, 0, 1, 0, 0], [1, 0, 0, 0, 0, 1, 0], [1, 0, 8, 2, 14, 9, 16]]
[[1, 0, 0, 0, 0, 0, 0], [1, 1, 0, 0, 0, 0, 0], [1, 1, 2, 0, 0, 0, 0], [1, 0, 0, 1, 0, 0, 0], [1, 0, 0, 0, 1, 0, 0], [1, 0, 0, 0, 0, 1, 0], [1, 0, 4, 1, 1, 7, 8]]
[[1, 0, 0, 0, 0, 0, 0], [1, 1, 0, 0, 0, 0, 0], [1, 0, 1, 0, 0, 0, 0], [1, 0, 0, 1, 0, 0, 0], [1, 0, 0, 0, 1, 0, 0], [1, 0, 0, 2, 3, 4, 0], [1, 0, 3, 1, 1, 0, 4]]
[[1, 0, 0, 0, 0, 0, 0], [1, 1, 0, 0, 0, 0, 0], [1, 0, 1, 0, 0, 0, 0], [1, 0, 0, 1, 0, 0, 0], [1, 0, 0, 1, 2, 0, 0], [1, 1, 1, 1, 0, 2, 0], [1, 1, 1, 1, 0, 2, 4]]
[[1, 0, 0, 0, 0, 0, 0], [1, 1, 0, 0, 0, 0, 0], [1, 0, 1, 0, 0, 0, 0], [1, 0, 0, 1, 0, 0, 0], [1, 0, 0, 0, 1, 0, 0], [1, 0, 0, 0, 0, 1, 0], [1, 0, 2, 1, 7, 7, 16]]
[[1, 0, 0, 0, 0, 0, 0], [1, 1, 0, 0, 0, 0, 0], [1, 0, 1, 0, 0, 0, 0], [1, 0, 0, 1, 0, 0, 0], [1, 0, 0, 0, 1, 0, 0], [1, 0, 1, 1, 1, 2, 0], [1, 0, 1, 1, 1, 2, 8]]
[[1, 0, 0, 0, 0, 0, 0], [1, 1, 0, 0, 0, 0, 0], [1, 0, 1, 0, 0, 0, 0], [1, 0, 0, 2, 0, 0, 0], [1, 0, 0, 0, 2, 0, 0], [1, 0, 1, 0, 0, 2, 0], [1, 1, 0, 0, 0, 0, 2]]
[[1, 0, 0, 0, 0, 0, 0], [1, 1, 0, 0, 0, 0, 0], [1, 0, 1, 0, 0, 0, 0], [1, 0, 0, 1, 0, 0, 0], [1, 0, 0, 0, 1, 0, 0], [1, 0, 0, 0, 1, 2, 0], [1, 2, 6, 1, 0, 2, 8]]
[[1, 0, 0, 0, 0, 0, 0], [1, 1, 0, 0, 0, 0, 0], [1, 0, 1, 0, 0, 0, 0], [1, 0, 0, 1, 0, 0, 0], [1, 0, 0, 0, 1, 0, 0], [1, 0, 0, 0, 0, 1, 0], [1, 0, 4, 14, 14, 1, 16]]
[[1, 0, 0, 0, 0, 0, 0], [1, 1, 0, 0, 0, 0, 0], [1, 0, 1, 0, 0, 0, 0], [1, 0, 0, 1, 0, 0, 0], [1, 0, 1, 1, 2, 0, 0], [1, 1, 0, 0, 0, 2, 0], [1, 1, 0, 2, 0, 2, 4]]
[[1, 0, 0, 0, 0, 0, 0], [1, 1, 0, 0, 0, 0, 0], [1, 0, 1, 0, 0, 0, 0], [1, 0, 0, 1, 0, 0, 0], [1, 0, 0, 1, 2, 0, 0], [1, 0, 0, 1, 0, 2, 0], [1, 0, 2, 3, 2, 2, 4]]
[[1, 0, 0, 0, 0, 0, 0], [1, 1, 0, 0, 0, 0, 0], [1, 0, 1, 0, 0, 0, 0], [1, 0, 0, 1, 0, 0, 0], [1, 0, 0, 0, 1, 0, 0], [1, 0, 0, 0, 0, 1, 0], [1, 0, 2, 10, 14, 7, 16]]
[[1, 0, 0, 0, 0, 0, 0], [1, 1, 0, 0, 0, 0, 0], [1, 0, 1, 0, 0, 0, 0], [1, 0, 0, 1, 0, 0, 0], [1, 0, 0, 1, 2, 0, 0], [1, 0, 0, 0, 0, 1, 0], [1, 0, 0, 6, 4, 3, 8]]
[[1, 0, 0, 0, 0, 0, 0], [1, 1, 0, 0, 0, 0, 0], [1, 0, 1, 0, 0, 0, 0], [1, 0, 0, 1, 0, 0, 0], [1, 0, 0, 0, 1, 0, 0], [1, 0, 0, 2, 3, 4, 0], [1, 0, 0, 3, 2, 0, 4]]
[[1, 0, 0, 0, 0, 0, 0], [1, 1, 0, 0, 0, 0, 0], [1, 0, 1, 0, 0, 0, 0], [1, 0, 0, 1, 0, 0, 0], [1, 0, 0, 0, 1, 0, 0], [1, 0, 0, 0, 0, 1, 0], [1, 0, 0, 0, 2, 15, 16]]
[[1, 0, 0, 0, 0, 0, 0], [1, 1, 0, 0, 0, 0, 0], [1, 0, 1, 0, 0, 0, 0], [1, 0, 0, 1, 0, 0, 0], [1, 0, 0, 0, 1, 0, 0], [1, 0, 1, 0, 0, 2, 0], [1, 4, 1, 1, 3, 2, 8]]
[[1, 0, 0, 0, 0, 0, 0], [1, 1, 0, 0, 0, 0, 0], [1, 0, 1, 0, 0, 0, 0], [1, 0, 0, 1, 0, 0, 0], [1, 0, 0, 0, 1, 0, 0], [1, 1, 1, 0, 1, 2, 0], [1, 3, 7, 3, 2, 6, 8]]
[[1, 0, 0, 0, 0, 0, 0], [1, 1, 0, 0, 0, 0, 0], [1, 0, 1, 0, 0, 0, 0], [1, 0, 0, 1, 0, 0, 0], [1, 0, 0, 0, 1, 0, 0], [1, 0, 0, 0, 0, 1, 0], [1, 0, 4, 2, 6, 5, 16]]
[[1, 0, 0, 0, 0, 0, 0], [1, 1, 0, 0, 0, 0, 0], [1, 0, 1, 0, 0, 0, 0], [1, 0, 0, 1, 0, 0, 0], [1, 0, 0, 0, 1, 0, 0], [1, 0, 0, 0, 0, 1, 0], [1, 0, 0, 8, 6, 3, 16]]
[[1, 0, 0, 0, 0, 0, 0], [1, 1, 0, 0, 0, 0, 0], [1, 0, 1, 0, 0, 0, 0], [1, 0, 0, 1, 0, 0, 0], [1, 0, 1, 1, 2, 0, 0], [1, 0, 0, 0, 0, 1, 0], [1, 4, 2, 6, 4, 3, 8]]
[[1, 0, 0, 0, 0, 0, 0], [1, 1, 0, 0, 0, 0, 0], [1, 0, 1, 0, 0, 0, 0], [1, 0, 0, 1, 0, 0, 0], [1, 0, 0, 0, 1, 0, 0], [1, 0, 1, 0, 0, 2, 0], [1, 4, 3, 1, 1, 6, 8]]
[[1, 0, 0, 0, 0, 0, 0], [1, 1, 0, 0, 0, 0, 0], [1, 0, 1, 0, 0, 0, 0], [1, 0, 0, 1, 0, 0, 0], [1, 0, 0, 0, 1, 0, 0], [1, 1, 0, 1, 1, 2, 0], [1, 1, 2, 0, 0, 2, 8]]
[[1, 0, 0, 0, 0, 0, 0], [1, 1, 0, 0, 0, 0, 0], [1, 0, 1, 0, 0, 0, 0], [1, 0, 0, 1, 0, 0, 0], [1, 0, 0, 0, 1, 0, 0], [1, 0, 0, 0, 0, 1, 0], [1, 0, 2, 2, 10, 3, 16]]
[[1, 0, 0, 0, 0, 0, 0], [1, 1, 0, 0, 0, 0, 0], [1, 0, 1, 0, 0, 0, 0], [1, 0, 0, 1, 0, 0, 0], [1, 0, 0, 0, 1, 0, 0], [1, 0, 0, 0, 0, 1, 0], [1, 0, 0, 0, 4, 13, 16]]
[[1, 0, 0, 0, 0, 0, 0], [1, 1, 0, 0, 0, 0, 0], [1, 0, 1, 0, 0, 0, 0], [1, 0, 0, 1, 0, 0, 0], [1, 0, 0, 0, 1, 0, 0], [1, 0, 0, 0, 0, 1, 0], [1, 0, 8, 8, 2, 15, 16]]
[[1, 0, 0, 0, 0, 0, 0], [1, 1, 0, 0, 0, 0, 0], [1, 0, 1, 0, 0, 0, 0], [1, 0, 0, 1, 0, 0, 0], [1, 0, 0, 0, 1, 0, 0], [1, 0, 0, 0, 1, 4, 0], [1, 2, 2, 1, 0, 0, 4]]
[[1, 0, 0, 0, 0, 0, 0], [1, 1, 0, 0, 0, 0, 0], [1, 0, 1, 0, 0, 0, 0], [1, 0, 0, 1, 0, 0, 0], [1, 0, 0, 0, 1, 0, 0], [1, 0, 0, 0, 0, 1, 0], [1, 0, 4, 6, 10, 13, 16]]
[[1, 0, 0, 0, 0, 0, 0], [1, 1, 0, 0, 0, 0, 0], [1, 0, 1, 0, 0, 0, 0], [1, 0, 0, 1, 0, 0, 0], [1, 0, 0, 0, 1, 0, 0], [1, 0, 0, 0, 1, 2, 0], [1, 4, 4, 1, 0, 2, 8]]
[[1, 0, 0, 0, 0, 0, 0], [1, 1, 0, 0, 0, 0, 0], [1, 0, 1, 0, 0, 0, 0], [1, 0, 0, 1, 0, 0, 0], [1, 0, 0, 0, 1, 0, 0], [1, 0, 0, 0, 1, 2, 0], [1, 0, 4, 3, 2, 6, 8]]
[[1, 0, 0, 0, 0, 0, 0], [1, 1, 0, 0, 0, 0, 0], [1, 0, 1, 0, 0, 0, 0], [1, 0, 0, 1, 0, 0, 0], [1, 0, 0, 0, 1, 0, 0], [1, 0, 0, 0, 0, 1, 0], [1, 8, 8, 4, 6, 7, 16]]
[[1, 0, 0, 0, 0, 0, 0], [1, 1, 0, 0, 0, 0, 0], [1, 0, 1, 0, 0, 0, 0], [1, 0, 0, 1, 0, 0, 0], [1, 0, 0, 0, 1, 0, 0], [1, 0, 0, 2, 3, 4, 0], [1, 0, 1, 1, 3, 0, 4]]
[[1, 0, 0, 0, 0, 0, 0], [1, 1, 0, 0, 0, 0, 0], [1, 0, 1, 0, 0, 0, 0], [1, 0, 0, 1, 0, 0, 0], [1, 0, 0, 1, 2, 0, 0], [1, 0, 0, 0, 0, 1, 0], [1, 4, 4, 6, 4, 3, 8]]
[[1, 0, 0, 0, 0, 0, 0], [1, 2, 0, 0, 0, 0, 0], [1, 0, 2, 0, 0, 0, 0], [1, 0, 0, 1, 0, 0, 0], [1, 0, 0, 0, 1, 0, 0], [1, 0, 0, 0, 0, 1, 0], [1, 0, 0, 1, 1, 3, 4]]
[[1, 0, 0, 0, 0, 0, 0], [1, 1, 0, 0, 0, 0, 0], [1, 0, 1, 0, 0, 0, 0], [1, 0, 0, 1, 0, 0, 0], [1, 0, 0, 0, 1, 0, 0], [1, 0, 0, 0, 1, 4, 0], [1, 0, 0, 3, 2, 0, 4]]
[[1, 0, 0, 0, 0, 0, 0], [1, 1, 0, 0, 0, 0, 0], [1, 0, 1, 0, 0, 0, 0], [1, 0, 1, 2, 0, 0, 0], [1, 0, 1, 0, 2, 0, 0], [1, 0, 0, 0, 0, 1, 0], [1, 0, 0, 0, 0, 1, 4]]
[[1, 0, 0, 0, 0, 0, 0], [1, 1, 0, 0, 0, 0, 0], [1, 0, 1, 0, 0, 0, 0], [1, 0, 0, 1, 0, 0, 0], [1, 0, 0, 0, 1, 0, 0], [1, 0, 1, 1, 1, 2, 0], [1, 0, 5, 3, 3, 2, 8]]
[[1, 0, 0, 0, 0, 0, 0], [1, 1, 0, 0, 0, 0, 0], [1, 0, 1, 0, 0, 0, 0], [1, 0, 0, 1, 0, 0, 0], [1, 0, 1, 1, 2, 0, 0], [1, 1, 0, 1, 0, 2, 0], [1, 1, 0, 1, 0, 2, 4]]
[[1, 0, 0, 0, 0, 0, 0], [1, 1, 0, 0, 0, 0, 0], [1, 0, 1, 0, 0, 0, 0], [1, 0, 0, 1, 0, 0, 0], [1, 0, 0, 0, 1, 0, 0], [1, 0, 0, 0, 0, 1, 0], [1, 8, 8, 8, 2, 7, 16]]
[[1, 0, 0, 0, 0, 0, 0], [1, 1, 0, 0, 0, 0, 0], [1, 0, 1, 0, 0, 0, 0], [1, 0, 0, 1, 0, 0, 0], [1, 0, 0, 1, 2, 0, 0], [1, 0, 1, 0, 0, 2, 0], [1, 0, 3, 2, 0, 2, 4]]
[[1, 0, 0, 0, 0, 0, 0], [1, 1, 0, 0, 0, 0, 0], [1, 0, 1, 0, 0, 0, 0], [1, 0, 0, 1, 0, 0, 0], [1, 0, 0, 0, 1, 0, 0], [1, 0, 0, 0, 0, 1, 0], [1, 0, 0, 1, 7, 9, 16]]
[[1, 0, 0, 0, 0, 0, 0], [1, 1, 0, 0, 0, 0, 0], [1, 0, 1, 0, 0, 0, 0], [1, 0, 0, 1, 0, 0, 0], [1, 0, 0, 1, 2, 0, 0], [1, 1, 1, 1, 0, 2, 0], [1, 1, 3, 3, 2, 2, 4]]
[[1, 0, 0, 0, 0, 0, 0], [1, 1, 0, 0, 0, 0, 0], [1, 0, 1, 0, 0, 0, 0], [1, 0, 0, 1, 0, 0, 0], [1, 0, 0, 0, 1, 0, 0], [1, 0, 0, 0, 1, 4, 0], [1, 0, 0, 2, 3, 0, 4]]
[[1, 0, 0, 0, 0, 0, 0], [1, 1, 0, 0, 0, 0, 0], [1, 0, 1, 0, 0, 0, 0], [1, 0, 1, 2, 0, 0, 0], [1, 1, 0, 0, 2, 0, 0], [1, 0, 0, 0, 0, 1, 0], [1, 2, 2, 0, 0, 1, 4]]
[[1, 0, 0, 0, 0, 0, 0], [1, 1, 0, 0, 0, 0, 0], [1, 0, 1, 0, 0, 0, 0], [1, 0, 0, 1, 0, 0, 0], [1, 0, 0, 0, 1, 0, 0], [1, 0, 0, 0, 0, 1, 0], [1, 1, 1, 3, 13, 15, 16]]
[[1, 0, 0, 0, 0, 0, 0], [1, 1, 0, 0, 0, 0, 0], [1, 0, 1, 0, 0, 0, 0], [1, 0, 0, 1, 0, 0, 0], [1, 0, 0, 0, 1, 0, 0], [1, 1, 1, 0, 1, 2, 0], [1, 1, 5, 1, 0, 6, 8]]
[[1, 0, 0, 0, 0, 0, 0], [1, 1, 0, 0, 0, 0, 0], [1, 0, 1, 0, 0, 0, 0], [1, 0, 0, 1, 0, 0, 0], [1, 0, 0, 0, 1, 0, 0], [1, 0, 0, 0, 0, 1, 0], [1, 0, 2, 6, 14, 11, 16]]
[[1, 0, 0, 0, 0, 0, 0], [1, 1, 0, 0, 0, 0, 0], [1, 0, 1, 0, 0, 0, 0], [1, 0, 0, 1, 0, 0, 0], [1, 0, 0, 0, 1, 0, 0], [1, 0, 0, 0, 1, 2, 0], [1, 1, 1, 7, 0, 2, 8]]
[[1, 0, 0, 0, 0, 0, 0], [1, 1, 0, 0, 0, 0, 0], [1, 0, 1, 0, 0, 0, 0], [1, 0, 0, 1, 0, 0, 0], [1, 0, 0, 0, 1, 0, 0], [1, 0, 0, 0, 0, 1, 0], [1, 0, 8, 6, 10, 9, 16]]
[[1, 0, 0, 0, 0, 0, 0], [1, 1, 0, 0, 0, 0, 0], [1, 0, 1, 0, 0, 0, 0], [1, 0, 0, 1, 0, 0, 0], [1, 0, 0, 0, 1, 0, 0], [1, 0, 0, 0, 0, 1, 0], [1, 0, 0, 2, 2, 13, 16]]
[[1, 0, 0, 0, 0, 0, 0], [1, 1, 0, 0, 0, 0, 0], [1, 0, 1, 0, 0, 0, 0], [1, 0, 0, 1, 0, 0, 0], [1, 0, 0, 0, 1, 0, 0], [1, 0, 1, 1, 1, 2, 0], [1, 4, 7, 7, 5, 6, 8]]
[[1, 0, 0, 0, 0, 0, 0], [1, 1, 0, 0, 0, 0, 0], [1, 0, 1, 0, 0, 0, 0], [1, 0, 0, 1, 0, 0, 0], [1, 0, 0, 0, 1, 0, 0], [1, 1, 1, 1, 2, 4, 0], [1, 1, 2, 3, 3, 0, 4]]
[[1, 0, 0, 0, 0, 0, 0], [1, 1, 0, 0, 0, 0, 0], [1, 0, 1, 0, 0, 0, 0], [1, 0, 0, 1, 0, 0, 0], [1, 0, 0, 0, 1, 0, 0], [1, 0, 0, 0, 1, 2, 0], [1, 0, 0, 0, 1, 6, 8]]
[[1, 0, 0, 0, 0, 0, 0], [1, 1, 0, 0, 0, 0, 0], [1, 0, 1, 0, 0, 0, 0], [1, 0, 0, 1, 0, 0, 0], [1, 0, 0, 1, 2, 0, 0], [1, 0, 1, 0, 0, 2, 0], [1, 2, 3, 0, 2, 2, 4]]
[[1, 0, 0, 0, 0, 0, 0], [1, 1, 0, 0, 0, 0, 0], [1, 0, 1, 0, 0, 0, 0], [1, 0, 0, 1, 0, 0, 0], [1, 0, 0, 0, 1, 0, 0], [1, 1, 1, 0, 1, 2, 0], [1, 5, 5, 2, 7, 2, 8]]
[[1, 0, 0, 0, 0, 0, 0], [1, 1, 0, 0, 0, 0, 0], [1, 0, 1, 0, 0, 0, 0], [1, 0, 0, 1, 0, 0, 0], [1, 0, 0, 0, 1, 0, 0], [1, 1, 1, 0, 1, 2, 0], [1, 1, 5, 1, 4, 2, 8]]
[[1, 0, 0, 0, 0, 0, 0], [1, 1, 0, 0, 0, 0, 0], [1, 0, 1, 0, 0, 0, 0], [1, 0, 1, 2, 0, 0, 0], [1, 0, 0, 0, 1, 0, 0], [1, 0, 0, 0, 0, 1, 0], [1, 4, 4, 0, 6, 3, 8]]
[[1, 0, 0, 0, 0, 0, 0], [1, 1, 0, 0, 0, 0, 0], [1, 0, 1, 0, 0, 0, 0], [1, 0, 0, 1, 0, 0, 0], [1, 0, 0, 0, 1, 0, 0], [1, 0, 0, 0, 0, 1, 0], [1, 0, 2, 6, 10, 15, 16]]
[[1, 0, 0, 0, 0, 0, 0], [1, 1, 0, 0, 0, 0, 0], [1, 0, 1, 0, 0, 0, 0], [1, 0, 0, 1, 0, 0, 0], [1, 0, 0, 0, 1, 0, 0], [1, 1, 0, 1, 1, 2, 0], [1, 7, 2, 1, 5, 6, 8]]
[[1, 0, 0, 0, 0, 0, 0], [1, 1, 0, 0, 0, 0, 0], [1, 0, 1, 0, 0, 0, 0], [1, 0, 0, 1, 0, 0, 0], [1, 0, 0, 0, 1, 0, 0], [1, 0, 1, 1, 1, 2, 0], [1, 0, 3, 7, 5, 6, 8]]
[[1, 0, 0, 0, 0, 0, 0], [1, 1, 0, 0, 0, 0, 0], [1, 0, 1, 0, 0, 0, 0], [1, 0, 0, 1, 0, 0, 0], [1, 0, 0, 1, 2, 0, 0], [1, 0, 1, 0, 1, 2, 0], [1, 0, 3, 2, 1, 2, 4]]
[[1, 0, 0, 0, 0, 0, 0], [1, 1, 0, 0, 0, 0, 0], [1, 0, 1, 0, 0, 0, 0], [1, 0, 0, 1, 0, 0, 0], [1, 0, 0, 1, 2, 0, 0], [1, 0, 0, 0, 0, 1, 0], [1, 4, 4, 4, 0, 5, 8]]
[[1, 0, 0, 0, 0, 0, 0], [1, 1, 0, 0, 0, 0, 0], [1, 0, 1, 0, 0, 0, 0], [1, 0, 0, 1, 0, 0, 0], [1, 0, 0, 0, 1, 0, 0], [1, 0, 0, 0, 0, 1, 0], [1, 6, 10, 1, 7, 9, 16]]
[[1, 0, 0, 0, 0, 0, 0], [1, 1, 0, 0, 0, 0, 0], [1, 0, 1, 0, 0, 0, 0], [1, 0, 0, 1, 0, 0, 0], [1, 0, 0, 0, 1, 0, 0], [1, 0, 0, 0, 0, 1, 0], [1, 0, 8, 3, 7, 15, 16]]
[[1, 0, 0, 0, 0, 0, 0], [1, 1, 0, 0, 0, 0, 0], [1, 0, 1, 0, 0, 0, 0], [1, 0, 0, 1, 0, 0, 0], [1, 0, 0, 0, 1, 0, 0], [1, 1, 1, 1, 1, 2, 0], [1, 3, 3, 7, 1, 6, 8]]
[[1, 0, 0, 0, 0, 0, 0], [1, 1, 0, 0, 0, 0, 0], [1, 0, 1, 0, 0, 0, 0], [1, 0, 0, 1, 0, 0, 0], [1, 1, 1, 1, 2, 0, 0], [1, 0, 0, 0, 0, 1, 0], [1, 0, 4, 4, 0, 1, 8]]
[[1, 0, 0, 0, 0, 0, 0], [1, 1, 0, 0, 0, 0, 0], [1, 0, 1, 0, 0, 0, 0], [1, 0, 0, 1, 0, 0, 0], [1, 0, 0, 0, 1, 0, 0], [1, 0, 0, 0, 0, 1, 0], [1, 2, 14, 1, 3, 13, 16]]
[[1, 0, 0, 0, 0, 0, 0], [1, 1, 0, 0, 0, 0, 0], [1, 0, 1, 0, 0, 0, 0], [1, 0, 0, 1, 0, 0, 0], [1, 0, 0, 0, 1, 0, 0], [1, 1, 1, 1, 1, 2, 0], [1, 3, 7, 7, 5, 6, 8]]
[[1, 0, 0, 0, 0, 0, 0], [1, 1, 0, 0, 0, 0, 0], [1, 0, 1, 0, 0, 0, 0], [1, 0, 0, 1, 0, 0, 0], [1, 0, 0, 0, 1, 0, 0], [1, 0, 0, 0, 0, 1, 0], [1, 4, 12, 1, 3, 13, 16]]
[[1, 0, 0, 0, 0, 0, 0], [1, 1, 0, 0, 0, 0, 0], [1, 0, 1, 0, 0, 0, 0], [1, 0, 0, 1, 0, 0, 0], [1, 0, 0, 0, 1, 0, 0], [1, 0, 0, 0, 1, 2, 0], [1, 0, 2, 6, 1, 6, 8]]
[[1, 0, 0, 0, 0, 0, 0], [1, 1, 0, 0, 0, 0, 0], [1, 0, 1, 0, 0, 0, 0], [1, 0, 0, 1, 0, 0, 0], [1, 0, 0, 1, 2, 0, 0], [1, 0, 1, 0, 1, 2, 0], [1, 2, 3, 0, 1, 2, 4]]
[[1, 0, 0, 0, 0, 0, 0], [1, 1, 0, 0, 0, 0, 0], [1, 0, 1, 0, 0, 0, 0], [1, 0, 0, 1, 0, 0, 0], [1, 0, 0, 0, 1, 0, 0], [1, 0, 0, 0, 0, 1, 0], [1, 8, 2, 2, 14, 7, 16]]
[[1, 0, 0, 0, 0, 0, 0], [1, 1, 0, 0, 0, 0, 0], [1, 0, 2, 0, 0, 0, 0], [1, 0, 0, 1, 0, 0, 0], [1, 0, 0, 0, 1, 0, 0], [1, 1, 0, 0, 0, 2, 0], [1, 1, 0, 1, 1, 2, 4]]
[[1, 0, 0, 0, 0, 0, 0], [1, 1, 0, 0, 0, 0, 0], [1, 0, 1, 0, 0, 0, 0], [1, 0, 0, 1, 0, 0, 0], [1, 0, 0, 0, 1, 0, 0], [1, 0, 0, 0, 0, 1, 0], [1, 2, 14, 1, 7, 9, 16]]
[[1, 0, 0, 0, 0, 0, 0], [1, 1, 0, 0, 0, 0, 0], [1, 0, 1, 0, 0, 0, 0], [1, 0, 0, 1, 0, 0, 0], [1, 0, 0, 0, 1, 0, 0], [1, 0, 0, 1, 0, 2, 0], [1, 0, 4, 7, 6, 6, 8]]
[[1, 0, 0, 0, 0, 0, 0], [1, 1, 0, 0, 0, 0, 0], [1, 1, 2, 0, 0, 0, 0], [1, 0, 0, 1, 0, 0, 0], [1, 0, 0, 0, 1, 0, 0], [1, 0, 0, 0, 1, 2, 0], [1, 2, 0, 1, 2, 2, 4]]
[[1, 0, 0, 0, 0, 0, 0], [1, 1, 0, 0, 0, 0, 0], [1, 0, 1, 0, 0, 0, 0], [1, 0, 0, 1, 0, 0, 0], [1, 1, 1, 1, 2, 0, 0], [1, 0, 0, 0, 0, 1, 0], [1, 2, 6, 4, 4, 1, 8]]
[[1, 0, 0, 0, 0, 0, 0], [1, 1, 0, 0, 0, 0, 0], [1, 0, 1, 0, 0, 0, 0], [1, 0, 0, 1, 0, 0, 0], [1, 0, 0, 0, 1, 0, 0], [1, 0, 0, 0, 0, 1, 0], [1, 0, 2, 2, 6, 7, 16]]
[[1, 0, 0, 0, 0, 0, 0], [1, 1, 0, 0, 0, 0, 0], [1, 0, 1, 0, 0, 0, 0], [1, 0, 0, 1, 0, 0, 0], [1, 0, 0, 0, 1, 0, 0], [1, 0, 1, 1, 1, 2, 0], [1, 4, 1, 1, 5, 2, 8]]
[[1, 0, 0, 0, 0, 0, 0], [1, 1, 0, 0, 0, 0, 0], [1, 0, 1, 0, 0, 0, 0], [1, 0, 0, 1, 0, 0, 0], [1, 0, 0, 0, 1, 0, 0], [1, 0, 0, 0, 1, 2, 0], [1, 4, 2, 1, 2, 6, 8]]
[[1, 0, 0, 0, 0, 0, 0], [1, 1, 0, 0, 0, 0, 0], [1, 0, 1, 0, 0, 0, 0], [1, 0, 0, 1, 0, 0, 0], [1, 0, 0, 0, 1, 0, 0], [1, 0, 1, 0, 0, 2, 0], [1, 0, 3, 3, 3, 6, 8]]
[[1, 0, 0, 0, 0, 0, 0], [1, 1, 0, 0, 0, 0, 0], [1, 0, 1, 0, 0, 0, 0], [1, 0, 0, 1, 0, 0, 0], [1, 0, 0, 0, 2, 0, 0], [1, 1, 1, 1, 0, 2, 0], [1, 1, 1, 3, 0, 2, 4]]
[[1, 0, 0, 0, 0, 0, 0], [1, 1, 0, 0, 0, 0, 0], [1, 0, 1, 0, 0, 0, 0], [1, 0, 0, 1, 0, 0, 0], [1, 0, 0, 0, 1, 0, 0], [1, 0, 0, 0, 0, 1, 0], [1, 0, 8, 5, 7, 13, 16]]
[[1, 0, 0, 0, 0, 0, 0], [1, 1, 0, 0, 0, 0, 0], [1, 0, 1, 0, 0, 0, 0], [1, 0, 0, 1, 0, 0, 0], [1, 0, 0, 0, 2, 0, 0], [1, 1, 1, 1, 0, 2, 0], [1, 1, 3, 3, 0, 2, 4]]
[[1, 0, 0, 0, 0, 0, 0], [1, 1, 0, 0, 0, 0, 0], [1, 0, 1, 0, 0, 0, 0], [1, 0, 0, 1, 0, 0, 0], [1, 0, 0, 1, 2, 0, 0], [1, 1, 1, 1, 0, 2, 0], [1, 3, 3, 1, 0, 2, 4]]
[[1, 0, 0, 0, 0, 0, 0], [1, 1, 0, 0, 0, 0, 0], [1, 0, 1, 0, 0, 0, 0], [1, 0, 0, 1, 0, 0, 0], [1, 0, 0, 1, 2, 0, 0], [1, 0, 1, 1, 1, 2, 0], [1, 1, 0, 1, 3, 2, 4]]
[[1, 0, 0, 0, 0, 0, 0], [1, 1, 0, 0, 0, 0, 0], [1, 0, 1, 0, 0, 0, 0], [1, 0, 0, 1, 0, 0, 0], [1, 0, 0, 0, 1, 0, 0], [1, 0, 0, 0, 0, 1, 0], [1, 0, 2, 5, 11, 15, 16]]
[[1, 0, 0, 0, 0, 0, 0], [1, 1, 0, 0, 0, 0, 0], [1, 0, 1, 0, 0, 0, 0], [1, 0, 0, 1, 0, 0, 0], [1, 0, 0, 1, 2, 0, 0], [1, 0, 1, 0, 1, 2, 0], [1, 0, 1, 0, 3, 2, 4]]
[[1, 0, 0, 0, 0, 0, 0], [1, 1, 0, 0, 0, 0, 0], [1, 0, 1, 0, 0, 0, 0], [1, 0, 0, 1, 0, 0, 0], [1, 0, 0, 0, 1, 0, 0], [1, 0, 0, 0, 0, 1, 0], [1, 0, 0, 1, 1, 15, 16]]
[[1, 0, 0, 0, 0, 0, 0], [1, 1, 0, 0, 0, 0, 0], [1, 0, 1, 0, 0, 0, 0], [1, 0, 0, 1, 0, 0, 0], [1, 0, 0, 0, 1, 0, 0], [1, 0, 1, 0, 0, 2, 0], [1, 0, 1, 1, 7, 6, 8]]
[[1, 0, 0, 0, 0, 0, 0], [1, 1, 0, 0, 0, 0, 0], [1, 0, 1, 0, 0, 0, 0], [1, 0, 0, 1, 0, 0, 0], [1, 0, 0, 1, 2, 0, 0], [1, 0, 1, 0, 0, 2, 0], [1, 0, 3, 2, 2, 2, 4]]
[[1, 0, 0, 0, 0, 0, 0], [1, 1, 0, 0, 0, 0, 0], [1, 0, 1, 0, 0, 0, 0], [1, 0, 0, 1, 0, 0, 0], [1, 0, 0, 0, 1, 0, 0], [1, 0, 0, 0, 0, 1, 0], [1, 0, 8, 1, 1, 7, 16]]
[[1, 0, 0, 0, 0, 0, 0], [1, 1, 0, 0, 0, 0, 0], [1, 0, 1, 0, 0, 0, 0], [1, 0, 0, 1, 0, 0, 0], [1, 0, 0, 0, 1, 0, 0], [1, 0, 1, 0, 0, 2, 0], [1, 0, 1, 3, 5, 2, 8]]
[[1, 0, 0, 0, 0, 0, 0], [1, 1, 0, 0, 0, 0, 0], [1, 0, 1, 0, 0, 0, 0], [1, 0, 0, 1, 0, 0, 0], [1, 0, 0, 0, 1, 0, 0], [1, 0, 0, 0, 0, 1, 0], [1, 0, 2, 14, 14, 3, 16]]
[[1, 0, 0, 0, 0, 0, 0], [1, 1, 0, 0, 0, 0, 0], [1, 0, 1, 0, 0, 0, 0], [1, 0, 0, 1, 0, 0, 0], [1, 1, 1, 1, 2, 0, 0], [1, 0, 0, 0, 0, 1, 0], [1, 0, 0, 4, 4, 1, 8]]
[[1, 0, 0, 0, 0, 0, 0], [1, 1, 0, 0, 0, 0, 0], [1, 0, 1, 0, 0, 0, 0], [1, 0, 1, 2, 0, 0, 0], [1, 0, 0, 0, 1, 0, 0], [1, 0, 0, 0, 0, 1, 0], [1, 4, 0, 0, 2, 3, 8]]
[[1, 0, 0, 0, 0, 0, 0], [1, 1, 0, 0, 0, 0, 0], [1, 0, 1, 0, 0, 0, 0], [1, 0, 0, 1, 0, 0, 0], [1, 0, 0, 0, 1, 0, 0], [1, 0, 0, 0, 0, 1, 0], [1, 4, 12, 2, 14, 1, 16]]
[[1, 0, 0, 0, 0, 0, 0], [1, 1, 0, 0, 0, 0, 0], [1, 0, 1, 0, 0, 0, 0], [1, 0, 0, 1, 0, 0, 0], [1, 1, 1, 1, 2, 0, 0], [1, 0, 0, 0, 0, 1, 0], [1, 6, 6, 6, 4, 3, 8]]
[[1, 0, 0, 0, 0, 0, 0], [1, 1, 0, 0, 0, 0, 0], [1, 0, 1, 0, 0, 0, 0], [1, 0, 0, 1, 0, 0, 0], [1, 0, 0, 0, 1, 0, 0], [1, 0, 0, 0, 1, 2, 0], [1, 0, 0, 5, 4, 2, 8]]
[[1, 0, 0, 0, 0, 0, 0], [1, 1, 0, 0, 0, 0, 0], [1, 0, 1, 0, 0, 0, 0], [1, 0, 0, 1, 0, 0, 0], [1, 0, 0, 0, 1, 0, 0], [1, 0, 0, 0, 1, 4, 0], [1, 0, 0, 1, 0, 0, 4]]
[[1, 0, 0, 0, 0, 0, 0], [1, 1, 0, 0, 0, 0, 0], [1, 1, 2, 0, 0, 0, 0], [1, 0, 0, 1, 0, 0, 0], [1, 0, 0, 0, 1, 0, 0], [1, 1, 0, 0, 0, 2, 0], [1, 1, 0, 1, 3, 2, 4]]
[[1, 0, 0, 0, 0, 0, 0], [1, 1, 0, 0, 0, 0, 0], [1, 0, 1, 0, 0, 0, 0], [1, 0, 0, 1, 0, 0, 0], [1, 0, 0, 0, 1, 0, 0], [1, 0, 0, 0, 0, 1, 0], [1, 0, 12, 12, 2, 7, 16]]
[[1, 0, 0, 0, 0, 0, 0], [1, 1, 0, 0, 0, 0, 0], [1, 0, 1, 0, 0, 0, 0], [1, 0, 0, 1, 0, 0, 0], [1, 0, 0, 0, 1, 0, 0], [1, 0, 1, 0, 0, 2, 0], [1, 4, 5, 2, 6, 2, 8]]
[[1, 0, 0, 0, 0, 0, 0], [1, 1, 0, 0, 0, 0, 0], [1, 0, 1, 0, 0, 0, 0], [1, 0, 0, 1, 0, 0, 0], [1, 0, 0, 0, 1, 0, 0], [1, 0, 0, 0, 0, 1, 0], [1, 0, 6, 1, 1, 9, 16]]
[[1, 0, 0, 0, 0, 0, 0], [1, 1, 0, 0, 0, 0, 0], [1, 0, 1, 0, 0, 0, 0], [1, 0, 0, 2, 0, 0, 0], [1, 1, 1, 0, 2, 0, 0], [1, 0, 0, 0, 0, 1, 0], [1, 0, 2, 0, 0, 3, 4]]
[[1, 0, 0, 0, 0, 0, 0], [1, 1, 0, 0, 0, 0, 0], [1, 0, 1, 0, 0, 0, 0], [1, 0, 0, 1, 0, 0, 0], [1, 0, 0, 1, 2, 0, 0], [1, 0, 1, 0, 0, 2, 0], [1, 0, 1, 0, 2, 2, 4]]
[[1, 0, 0, 0, 0, 0, 0], [1, 1, 0, 0, 0, 0, 0], [1, 0, 1, 0, 0, 0, 0], [1, 0, 0, 1, 0, 0, 0], [1, 0, 0, 0, 1, 0, 0], [1, 0, 2, 0, 3, 4, 0], [1, 2, 2, 3, 2, 0, 4]]
[[1, 0, 0, 0, 0, 0, 0], [1, 1, 0, 0, 0, 0, 0], [1, 0, 1, 0, 0, 0, 0], [1, 0, 0, 1, 0, 0, 0], [1, 0, 0, 0, 1, 0, 0], [1, 0, 0, 0, 0, 1, 0], [1, 0, 0, 0, 10, 7, 16]]
[[1, 0, 0, 0, 0, 0, 0], [1, 1, 0, 0, 0, 0, 0], [1, 0, 1, 0, 0, 0, 0], [1, 0, 0, 1, 0, 0, 0], [1, 0, 0, 0, 1, 0, 0], [1, 0, 0, 0, 1, 2, 0], [1, 0, 0, 3, 6, 6, 8]]
[[1, 0, 0, 0, 0, 0, 0], [1, 1, 0, 0, 0, 0, 0], [1, 0, 1, 0, 0, 0, 0], [1, 0, 0, 2, 0, 0, 0], [1, 1, 1, 0, 2, 0, 0], [1, 0, 0, 0, 0, 1, 0], [1, 0, 0, 0, 0, 1, 4]]
[[1, 0, 0, 0, 0, 0, 0], [1, 1, 0, 0, 0, 0, 0], [1, 0, 2, 0, 0, 0, 0], [1, 0, 0, 1, 0, 0, 0], [1, 0, 0, 0, 1, 0, 0], [1, 0, 0, 0, 0, 1, 0], [1, 4, 0, 2, 6, 1, 8]]
[[1, 0, 0, 0, 0, 0, 0], [1, 1, 0, 0, 0, 0, 0], [1, 0, 1, 0, 0, 0, 0], [1, 0, 0, 1, 0, 0, 0], [1, 0, 0, 0, 1, 0, 0], [1, 0, 0, 0, 1, 2, 0], [1, 0, 2, 1, 6, 6, 8]]
[[1, 0, 0, 0, 0, 0, 0], [1, 1, 0, 0, 0, 0, 0], [1, 1, 2, 0, 0, 0, 0], [1, 0, 0, 1, 0, 0, 0], [1, 0, 0, 0, 1, 0, 0], [1, 0, 0, 0, 0, 1, 0], [1, 0, 4, 1, 3, 5, 8]]
[[1, 0, 0, 0, 0, 0, 0], [1, 1, 0, 0, 0, 0, 0], [1, 0, 1, 0, 0, 0, 0], [1, 0, 0, 1, 0, 0, 0], [1, 0, 0, 0, 1, 0, 0], [1, 0, 3, 3, 3, 4, 0], [1, 1, 1, 2, 3, 0, 4]]
[[1, 0, 0, 0, 0, 0, 0], [1, 1, 0, 0, 0, 0, 0], [1, 0, 1, 0, 0, 0, 0], [1, 0, 0, 1, 0, 0, 0], [1, 0, 0, 0, 1, 0, 0], [1, 0, 0, 0, 0, 1, 0], [1, 8, 8, 1, 3, 13, 16]]
[[1, 0, 0, 0, 0, 0, 0], [1, 1, 0, 0, 0, 0, 0], [1, 0, 1, 0, 0, 0, 0], [1, 0, 0, 1, 0, 0, 0], [1, 0, 0, 0, 1, 0, 0], [1, 0, 0, 0, 1, 2, 0], [1, 0, 4, 4, 1, 2, 8]]
[[1, 0, 0, 0, 0, 0, 0], [1, 1, 0, 0, 0, 0, 0], [1, 0, 1, 0, 0, 0, 0], [1, 0, 1, 2, 0, 0, 0], [1, 0, 1, 0, 2, 0, 0], [1, 1, 0, 0, 0, 2, 0], [1, 1, 0, 0, 0, 0, 2]]
[[1, 0, 0, 0, 0, 0, 0], [1, 1, 0, 0, 0, 0, 0], [1, 0, 1, 0, 0, 0, 0], [1, 0, 0, 1, 0, 0, 0], [1, 0, 0, 1, 2, 0, 0], [1, 0, 0, 0, 0, 1, 0], [1, 0, 0, 4, 0, 5, 8]]
[[1, 0, 0, 0, 0, 0, 0], [1, 1, 0, 0, 0, 0, 0], [1, 0, 1, 0, 0, 0, 0], [1, 0, 0, 1, 0, 0, 0], [1, 0, 0, 0, 1, 0, 0], [1, 0, 0, 0, 0, 1, 0], [1, 4, 12, 1, 7, 9, 16]]
[[1, 0, 0, 0, 0, 0, 0], [1, 1, 0, 0, 0, 0, 0], [1, 0, 1, 0, 0, 0, 0], [1, 0, 0, 1, 0, 0, 0], [1, 0, 0, 0, 1, 0, 0], [1, 0, 0, 0, 0, 1, 0], [1, 0, 8, 8, 6, 11, 16]]
[[1, 0, 0, 0, 0, 0, 0], [1, 1, 0, 0, 0, 0, 0], [1, 0, 1, 0, 0, 0, 0], [1, 0, 0, 1, 0, 0, 0], [1, 0, 0, 0, 1, 0, 0], [1, 1, 1, 1, 0, 2, 0], [1, 7, 7, 7, 2, 6, 8]]
[[1, 0, 0, 0, 0, 0, 0], [1, 1, 0, 0, 0, 0, 0], [1, 0, 1, 0, 0, 0, 0], [1, 0, 1, 2, 0, 0, 0], [1, 0, 1, 0, 2, 0, 0], [1, 0, 1, 0, 0, 2, 0], [1, 0, 1, 0, 0, 0, 2]]
[[1, 0, 0, 0, 0, 0, 0], [1, 1, 0, 0, 0, 0, 0], [1, 0, 1, 0, 0, 0, 0], [1, 0, 0, 1, 0, 0, 0], [1, 0, 0, 0, 1, 0, 0], [1, 0, 0, 0, 1, 2, 0], [1, 0, 0, 4, 5, 6, 8]]
[[1, 0, 0, 0, 0, 0, 0], [1, 1, 0, 0, 0, 0, 0], [1, 0, 1, 0, 0, 0, 0], [1, 0, 0, 2, 0, 0, 0], [1, 0, 1, 0, 2, 0, 0], [1, 0, 0, 0, 0, 1, 0], [1, 2, 0, 0, 0, 1, 4]]
[[1, 0, 0, 0, 0, 0, 0], [1, 1, 0, 0, 0, 0, 0], [1, 0, 1, 0, 0, 0, 0], [1, 0, 0, 1, 0, 0, 0], [1, 1, 1, 1, 2, 0, 0], [1, 0, 0, 1, 0, 2, 0], [1, 0, 2, 3, 0, 2, 4]]
[[1, 0, 0, 0, 0, 0, 0], [1, 1, 0, 0, 0, 0, 0], [1, 0, 1, 0, 0, 0, 0], [1, 0, 0, 1, 0, 0, 0], [1, 0, 0, 0, 1, 0, 0], [1, 0, 0, 0, 1, 2, 0], [1, 0, 0, 2, 7, 2, 8]]
[[1, 0, 0, 0, 0, 0, 0], [1, 1, 0, 0, 0, 0, 0], [1, 0, 1, 0, 0, 0, 0], [1, 0, 0, 1, 0, 0, 0], [1, 0, 0, 0, 1, 0, 0], [1, 0, 0, 0, 0, 1, 0], [1, 2, 14, 1, 1, 15, 16]]
[[1, 0, 0, 0, 0, 0, 0], [1, 1, 0, 0, 0, 0, 0], [1, 0, 1, 0, 0, 0, 0], [1, 0, 0, 1, 0, 0, 0], [1, 0, 1, 1, 2, 0, 0], [1, 0, 0, 0, 0, 1, 0], [1, 4, 2, 0, 4, 1, 8]]
[[1, 0, 0, 0, 0, 0, 0], [1, 1, 0, 0, 0, 0, 0], [1, 0, 1, 0, 0, 0, 0], [1, 0, 0, 1, 0, 0, 0], [1, 0, 0, 0, 1, 0, 0], [1, 0, 1, 1, 1, 2, 0], [1, 4, 3, 7, 1, 6, 8]]
[[1, 0, 0, 0, 0, 0, 0], [1, 1, 0, 0, 0, 0, 0], [1, 0, 1, 0, 0, 0, 0], [1, 0, 0, 1, 0, 0, 0], [1, 0, 0, 0, 1, 0, 0], [1, 1, 1, 0, 1, 2, 0], [1, 1, 1, 1, 0, 2, 8]]
[[1, 0, 0, 0, 0, 0, 0], [1, 1, 0, 0, 0, 0, 0], [1, 0, 1, 0, 0, 0, 0], [1, 0, 0, 1, 0, 0, 0], [1, 0, 0, 1, 2, 0, 0], [1, 1, 1, 1, 1, 2, 0], [1, 3, 3, 1, 1, 2, 4]]
[[1, 0, 0, 0, 0, 0, 0], [1, 1, 0, 0, 0, 0, 0], [1, 0, 1, 0, 0, 0, 0], [1, 0, 0, 1, 0, 0, 0], [1, 0, 0, 0, 1, 0, 0], [1, 0, 2, 2, 1, 4, 0], [1, 2, 0, 2, 1, 0, 4]]
[[1, 0, 0, 0, 0, 0, 0], [1, 1, 0, 0, 0, 0, 0], [1, 0, 1, 0, 0, 0, 0], [1, 0, 0, 1, 0, 0, 0], [1, 0, 0, 0, 1, 0, 0], [1, 0, 0, 1, 0, 2, 0], [1, 0, 4, 3, 2, 6, 8]]
[[1, 0, 0, 0, 0, 0, 0], [1, 1, 0, 0, 0, 0, 0], [1, 0, 1, 0, 0, 0, 0], [1, 0, 0, 1, 0, 0, 0], [1, 0, 0, 0, 1, 0, 0], [1, 0, 2, 0, 3, 4, 0], [1, 0, 2, 3, 0, 0, 4]]
[[1, 0, 0, 0, 0, 0, 0], [1, 1, 0, 0, 0, 0, 0], [1, 0, 1, 0, 0, 0, 0], [1, 0, 0, 1, 0, 0, 0], [1, 0, 0, 0, 1, 0, 0], [1, 0, 0, 0, 0, 1, 0], [1, 0, 4, 6, 6, 1, 16]]
[[1, 0, 0, 0, 0, 0, 0], [1, 1, 0, 0, 0, 0, 0], [1, 0, 1, 0, 0, 0, 0], [1, 0, 0, 1, 0, 0, 0], [1, 0, 0, 1, 2, 0, 0], [1, 1, 1, 1, 0, 2, 0], [1, 3, 3, 1, 2, 2, 4]]
[[1, 0, 0, 0, 0, 0, 0], [1, 1, 0, 0, 0, 0, 0], [1, 0, 1, 0, 0, 0, 0], [1, 0, 0, 1, 0, 0, 0], [1, 0, 0, 0, 1, 0, 0], [1, 0, 0, 2, 3, 4, 0], [1, 1, 1, 1, 2, 0, 4]]
[[1, 0, 0, 0, 0, 0, 0], [1, 1, 0, 0, 0, 0, 0], [1, 0, 1, 0, 0, 0, 0], [1, 0, 0, 1, 0, 0, 0], [1, 0, 0, 0, 1, 0, 0], [1, 1, 1, 1, 0, 2, 0], [1, 3, 7, 7, 6, 6, 8]]
[[1, 0, 0, 0, 0, 0, 0], [1, 1, 0, 0, 0, 0, 0], [1, 0, 1, 0, 0, 0, 0], [1, 0, 1, 2, 0, 0, 0], [1, 0, 0, 0, 1, 0, 0], [1, 0, 0, 0, 0, 1, 0], [1, 4, 4, 0, 2, 7, 8]]
[[1, 0, 0, 0, 0, 0, 0], [1, 1, 0, 0, 0, 0, 0], [1, 0, 1, 0, 0, 0, 0], [1, 0, 0, 1, 0, 0, 0], [1, 0, 0, 0, 1, 0, 0], [1, 0, 0, 0, 0, 1, 0], [1, 8, 8, 4, 12, 1, 16]]
[[1, 0, 0, 0, 0, 0, 0], [1, 1, 0, 0, 0, 0, 0], [1, 0, 1, 0, 0, 0, 0], [1, 0, 0, 1, 0, 0, 0], [1, 0, 0, 0, 1, 0, 0], [1, 0, 0, 0, 3, 4, 0], [1, 2, 2, 1, 2, 0, 4]]
[[1, 0, 0, 0, 0, 0, 0], [1, 1, 0, 0, 0, 0, 0], [1, 0, 1, 0, 0, 0, 0], [1, 0, 0, 1, 0, 0, 0], [1, 0, 0, 0, 1, 0, 0], [1, 0, 0, 0, 0, 1, 0], [1, 0, 2, 1, 3, 11, 16]]
[[1, 0, 0, 0, 0, 0, 0], [1, 1, 0, 0, 0, 0, 0], [1, 0, 1, 0, 0, 0, 0], [1, 0, 1, 2, 0, 0, 0], [1, 0, 0, 0, 1, 0, 0], [1, 0, 0, 0, 0, 1, 0], [1, 0, 4, 0, 6, 7, 8]]
[[1, 0, 0, 0, 0, 0, 0], [1, 1, 0, 0, 0, 0, 0], [1, 0, 1, 0, 0, 0, 0], [1, 0, 0, 1, 0, 0, 0], [1, 0, 0, 0, 1, 0, 0], [1, 0, 1, 0, 0, 2, 0], [1, 0, 1, 2, 6, 2, 8]]
[[1, 0, 0, 0, 0, 0, 0], [1, 1, 0, 0, 0, 0, 0], [1, 0, 1, 0, 0, 0, 0], [1, 0, 0, 2, 0, 0, 0], [1, 0, 1, 0, 2, 0, 0], [1, 0, 0, 0, 0, 1, 0], [1, 2, 2, 0, 0, 3, 4]]
[[1, 0, 0, 0, 0, 0, 0], [1, 1, 0, 0, 0, 0, 0], [1, 0, 1, 0, 0, 0, 0], [1, 0, 0, 1, 0, 0, 0], [1, 0, 0, 0, 1, 0, 0], [1, 0, 0, 1, 0, 2, 0], [1, 4, 4, 7, 2, 6, 8]]
[[1, 0, 0, 0, 0, 0, 0], [1, 1, 0, 0, 0, 0, 0], [1, 0, 1, 0, 0, 0, 0], [1, 0, 1, 2, 0, 0, 0], [1, 0, 1, 0, 2, 0, 0], [1, 0, 0, 0, 0, 1, 0], [1, 2, 2, 0, 0, 1, 4]]
[[1, 0, 0, 0, 0, 0, 0], [1, 1, 0, 0, 0, 0, 0], [1, 0, 1, 0, 0, 0, 0], [1, 0, 0, 1, 0, 0, 0], [1, 0, 0, 0, 1, 0, 0], [1, 0, 0, 0, 1, 4, 0], [1, 0, 1, 1, 3, 0, 4]]
[[1, 0, 0, 0, 0, 0, 0], [1, 1, 0, 0, 0, 0, 0], [1, 0, 1, 0, 0, 0, 0], [1, 0, 0, 1, 0, 0, 0], [1, 0, 0, 1, 2, 0, 0], [1, 0, 1, 0, 1, 2, 0], [1, 2, 1, 2, 3, 2, 4]]
[[1, 0, 0, 0, 0, 0, 0], [1, 1, 0, 0, 0, 0, 0], [1, 0, 1, 0, 0, 0, 0], [1, 0, 0, 1, 0, 0, 0], [1, 0, 0, 0, 1, 0, 0], [1, 0, 0, 0, 0, 1, 0], [1, 0, 4, 4, 12, 13, 16]]
[[1, 0, 0, 0, 0, 0, 0], [1, 1, 0, 0, 0, 0, 0], [1, 0, 1, 0, 0, 0, 0], [1, 0, 0, 2, 0, 0, 0], [1, 0, 0, 0, 1, 0, 0], [1, 0, 0, 0, 0, 1, 0], [1, 4, 4, 0, 2, 3, 8]]
[[1, 0, 0, 0, 0, 0, 0], [1, 1, 0, 0, 0, 0, 0], [1, 0, 1, 0, 0, 0, 0], [1, 0, 0, 1, 0, 0, 0], [1, 0, 0, 0, 1, 0, 0], [1, 0, 0, 0, 0, 1, 0], [1, 0, 4, 3, 3, 7, 16]]
[[1, 0, 0, 0, 0, 0, 0], [1, 1, 0, 0, 0, 0, 0], [1, 0, 1, 0, 0, 0, 0], [1, 0, 0, 1, 0, 0, 0], [1, 0, 0, 0, 1, 0, 0], [1, 0, 0, 2, 3, 4, 0], [1, 0, 2, 3, 0, 0, 4]]
[[1, 0, 0, 0, 0, 0, 0], [1, 1, 0, 0, 0, 0, 0], [1, 0, 1, 0, 0, 0, 0], [1, 0, 0, 1, 0, 0, 0], [1, 0, 0, 1, 2, 0, 0], [1, 0, 0, 1, 0, 2, 0], [1, 0, 2, 3, 0, 2, 4]]
[[1, 0, 0, 0, 0, 0, 0], [1, 1, 0, 0, 0, 0, 0], [1, 0, 1, 0, 0, 0, 0], [1, 0, 0, 1, 0, 0, 0], [1, 0, 0, 0, 1, 0, 0], [1, 0, 0, 0, 1, 4, 0], [1, 2, 1, 1, 1, 0, 4]]
[[1, 0, 0, 0, 0, 0, 0], [1, 1, 0, 0, 0, 0, 0], [1, 0, 1, 0, 0, 0, 0], [1, 0, 0, 1, 0, 0, 0], [1, 0, 0, 1, 2, 0, 0], [1, 1, 1, 0, 0, 2, 0], [1, 1, 3, 0, 2, 2, 4]]
[[1, 0, 0, 0, 0, 0, 0], [1, 1, 0, 0, 0, 0, 0], [1, 0, 1, 0, 0, 0, 0], [1, 0, 0, 1, 0, 0, 0], [1, 0, 0, 0, 1, 0, 0], [1, 0, 0, 0, 0, 1, 0], [1, 0, 8, 8, 4, 13, 16]]
[[1, 0, 0, 0, 0, 0, 0], [1, 1, 0, 0, 0, 0, 0], [1, 0, 1, 0, 0, 0, 0], [1, 0, 0, 1, 0, 0, 0], [1, 0, 0, 0, 1, 0, 0], [1, 0, 0, 0, 1, 2, 0], [1, 4, 4, 3, 6, 2, 8]]
[[1, 0, 0, 0, 0, 0, 0], [1, 1, 0, 0, 0, 0, 0], [1, 1, 2, 0, 0, 0, 0], [1, 0, 0, 1, 0, 0, 0], [1, 0, 0, 0, 1, 0, 0], [1, 0, 0, 0, 0, 1, 0], [1, 2, 4, 1, 1, 5, 8]]
[[1, 0, 0, 0, 0, 0, 0], [1, 1, 0, 0, 0, 0, 0], [1, 0, 1, 0, 0, 0, 0], [1, 0, 0, 1, 0, 0, 0], [1, 0, 0, 0, 1, 0, 0], [1, 1, 1, 1, 1, 2, 0], [1, 1, 5, 3, 7, 2, 8]]
[[1, 0, 0, 0, 0, 0, 0], [1, 1, 0, 0, 0, 0, 0], [1, 0, 1, 0, 0, 0, 0], [1, 0, 0, 1, 0, 0, 0], [1, 0, 0, 0, 1, 0, 0], [1, 0, 0, 1, 1, 2, 0], [1, 4, 4, 1, 5, 2, 8]]
[[1, 0, 0, 0, 0, 0, 0], [1, 1, 0, 0, 0, 0, 0], [1, 0, 1, 0, 0, 0, 0], [1, 0, 0, 1, 0, 0, 0], [1, 0, 0, 0, 1, 0, 0], [1, 0, 0, 0, 0, 1, 0], [1, 0, 2, 3, 13, 15, 16]]
[[1, 0, 0, 0, 0, 0, 0], [1, 1, 0, 0, 0, 0, 0], [1, 1, 2, 0, 0, 0, 0], [1, 0, 0, 1, 0, 0, 0], [1, 0, 0, 0, 1, 0, 0], [1, 0, 0, 0, 0, 1, 0], [1, 4, 0, 2, 2, 1, 8]]
[[1, 0, 0, 0, 0, 0, 0], [1, 1, 0, 0, 0, 0, 0], [1, 0, 1, 0, 0, 0, 0], [1, 0, 0, 1, 0, 0, 0], [1, 0, 0, 0, 1, 0, 0], [1, 0, 1, 1, 1, 2, 0], [1, 0, 3, 3, 1, 6, 8]]
[[1, 0, 0, 0, 0, 0, 0], [1, 1, 0, 0, 0, 0, 0], [1, 0, 1, 0, 0, 0, 0], [1, 0, 0, 1, 0, 0, 0], [1, 0, 0, 0, 1, 0, 0], [1, 0, 1, 1, 3, 4, 0], [1, 2, 0, 0, 3, 0, 4]]
[[1, 0, 0, 0, 0, 0, 0], [1, 1, 0, 0, 0, 0, 0], [1, 0, 1, 0, 0, 0, 0], [1, 0, 0, 1, 0, 0, 0], [1, 0, 0, 0, 1, 0, 0], [1, 0, 0, 0, 0, 1, 0], [1, 8, 2, 1, 7, 15, 16]]
[[1, 0, 0, 0, 0, 0, 0], [1, 1, 0, 0, 0, 0, 0], [1, 0, 1, 0, 0, 0, 0], [1, 0, 0, 1, 0, 0, 0], [1, 0, 0, 0, 1, 0, 0], [1, 0, 1, 1, 3, 4, 0], [1, 1, 1, 2, 1, 0, 4]]
[[1, 0, 0, 0, 0, 0, 0], [1, 1, 0, 0, 0, 0, 0], [1, 0, 1, 0, 0, 0, 0], [1, 0, 0, 1, 0, 0, 0], [1, 0, 0, 0, 1, 0, 0], [1, 0, 0, 0, 0, 1, 0], [1, 2, 2, 14, 14, 1, 16]]
[[1, 0, 0, 0, 0, 0, 0], [1, 1, 0, 0, 0, 0, 0], [1, 0, 1, 0, 0, 0, 0], [1, 0, 0, 1, 0, 0, 0], [1, 0, 0, 0, 1, 0, 0], [1, 0, 0, 0, 1, 4, 0], [1, 0, 3, 3, 3, 0, 4]]
[[1, 0, 0, 0, 0, 0, 0], [1, 1, 0, 0, 0, 0, 0], [1, 0, 1, 0, 0, 0, 0], [1, 0, 1, 2, 0, 0, 0], [1, 0, 0, 0, 1, 0, 0], [1, 0, 0, 0, 0, 1, 0], [1, 0, 4, 0, 2, 3, 8]]
[[1, 0, 0, 0, 0, 0, 0], [1, 1, 0, 0, 0, 0, 0], [1, 0, 1, 0, 0, 0, 0], [1, 0, 0, 1, 0, 0, 0], [1, 0, 0, 0, 1, 0, 0], [1, 1, 0, 0, 0, 2, 0], [1, 7, 2, 2, 6, 6, 8]]
[[1, 0, 0, 0, 0, 0, 0], [1, 1, 0, 0, 0, 0, 0], [1, 0, 1, 0, 0, 0, 0], [1, 0, 0, 1, 0, 0, 0], [1, 0, 0, 0, 1, 0, 0], [1, 0, 1, 1, 1, 2, 0], [1, 0, 1, 3, 7, 2, 8]]
[[1, 0, 0, 0, 0, 0, 0], [1, 1, 0, 0, 0, 0, 0], [1, 0, 1, 0, 0, 0, 0], [1, 0, 0, 1, 0, 0, 0], [1, 1, 1, 0, 2, 0, 0], [1, 0, 0, 0, 0, 1, 0], [1, 2, 2, 2, 4, 1, 8]]
[[1, 0, 0, 0, 0, 0, 0], [1, 1, 0, 0, 0, 0, 0], [1, 0, 1, 0, 0, 0, 0], [1, 0, 0, 1, 0, 0, 0], [1, 0, 0, 0, 1, 0, 0], [1, 0, 0, 0, 1, 2, 0], [1, 0, 4, 3, 2, 2, 8]]
[[1, 0, 0, 0, 0, 0, 0], [1, 1, 0, 0, 0, 0, 0], [1, 0, 1, 0, 0, 0, 0], [1, 0, 0, 1, 0, 0, 0], [1, 0, 0, 0, 1, 0, 0], [1, 0, 1, 0, 0, 2, 0], [1, 0, 5, 2, 2, 2, 8]]
[[1, 0, 0, 0, 0, 0, 0], [1, 1, 0, 0, 0, 0, 0], [1, 0, 1, 0, 0, 0, 0], [1, 0, 0, 1, 0, 0, 0], [1, 0, 0, 0, 1, 0, 0], [1, 0, 1, 1, 0, 2, 0], [1, 4, 3, 7, 2, 6, 8]]
[[1, 0, 0, 0, 0, 0, 0], [1, 1, 0, 0, 0, 0, 0], [1, 0, 1, 0, 0, 0, 0], [1, 0, 0, 1, 0, 0, 0], [1, 0, 0, 0, 1, 0, 0], [1, 0, 0, 0, 0, 1, 0], [1, 8, 4, 12, 2, 7, 16]]
[[1, 0, 0, 0, 0, 0, 0], [1, 1, 0, 0, 0, 0, 0], [1, 0, 1, 0, 0, 0, 0], [1, 0, 0, 1, 0, 0, 0], [1, 0, 0, 0, 1, 0, 0], [1, 0, 0, 0, 0, 1, 0], [1, 0, 0, 0, 8, 9, 16]]
[[1, 0, 0, 0, 0, 0, 0], [1, 1, 0, 0, 0, 0, 0], [1, 0, 1, 0, 0, 0, 0], [1, 0, 0, 1, 0, 0, 0], [1, 0, 0, 0, 1, 0, 0], [1, 0, 0, 0, 0, 1, 0], [1, 0, 4, 1, 5, 7, 16]]
[[1, 0, 0, 0, 0, 0, 0], [1, 1, 0, 0, 0, 0, 0], [1, 0, 1, 0, 0, 0, 0], [1, 0, 0, 1, 0, 0, 0], [1, 0, 0, 0, 1, 0, 0], [1, 0, 0, 0, 0, 1, 0], [1, 4, 12, 1, 1, 15, 16]]
[[1, 0, 0, 0, 0, 0, 0], [1, 1, 0, 0, 0, 0, 0], [1, 0, 1, 0, 0, 0, 0], [1, 0, 0, 1, 0, 0, 0], [1, 0, 0, 1, 2, 0, 0], [1, 0, 0, 0, 0, 1, 0], [1, 0, 4, 4, 0, 1, 8]]
[[1, 0, 0, 0, 0, 0, 0], [1, 1, 0, 0, 0, 0, 0], [1, 0, 1, 0, 0, 0, 0], [1, 0, 0, 1, 0, 0, 0], [1, 0, 0, 0, 1, 0, 0], [1, 0, 0, 0, 0, 1, 0], [1, 0, 8, 4, 12, 9, 16]]
[[1, 0, 0, 0, 0, 0, 0], [1, 1, 0, 0, 0, 0, 0], [1, 0, 1, 0, 0, 0, 0], [1, 0, 0, 1, 0, 0, 0], [1, 0, 0, 0, 1, 0, 0], [1, 0, 0, 0, 1, 4, 0], [1, 0, 2, 3, 0, 0, 4]]
[[1, 0, 0, 0, 0, 0, 0], [1, 1, 0, 0, 0, 0, 0], [1, 0, 1, 0, 0, 0, 0], [1, 0, 0, 1, 0, 0, 0], [1, 0, 0, 0, 1, 0, 0], [1, 0, 0, 0, 0, 1, 0], [1, 2, 6, 10, 14, 1, 16]]
[[1, 0, 0, 0, 0, 0, 0], [1, 1, 0, 0, 0, 0, 0], [1, 0, 1, 0, 0, 0, 0], [1, 0, 0, 1, 0, 0, 0], [1, 0, 1, 0, 2, 0, 0], [1, 1, 0, 0, 0, 2, 0], [1, 3, 3, 3, 2, 2, 4]]
[[1, 0, 0, 0, 0, 0, 0], [1, 1, 0, 0, 0, 0, 0], [1, 0, 1, 0, 0, 0, 0], [1, 0, 0, 1, 0, 0, 0], [1, 0, 0, 0, 1, 0, 0], [1, 0, 0, 2, 3, 4, 0], [1, 0, 2, 0, 3, 0, 4]]
[[1, 0, 0, 0, 0, 0, 0], [1, 1, 0, 0, 0, 0, 0], [1, 0, 1, 0, 0, 0, 0], [1, 0, 0, 1, 0, 0, 0], [1, 0, 0, 0, 1, 0, 0], [1, 0, 0, 0, 0, 1, 0], [1, 8, 2, 6, 10, 7, 16]]
[[1, 0, 0, 0, 0, 0, 0], [1, 1, 0, 0, 0, 0, 0], [1, 0, 1, 0, 0, 0, 0], [1, 0, 0, 1, 0, 0, 0], [1, 0, 0, 0, 1, 0, 0], [1, 0, 0, 0, 0, 1, 0], [1, 0, 0, 2, 14, 1, 16]]
[[1, 0, 0, 0, 0, 0, 0], [1, 1, 0, 0, 0, 0, 0], [1, 0, 1, 0, 0, 0, 0], [1, 0, 0, 1, 0, 0, 0], [1, 0, 0, 0, 1, 0, 0], [1, 0, 0, 0, 1, 2, 0], [1, 1, 3, 5, 0, 2, 8]]
[[1, 0, 0, 0, 0, 0, 0], [1, 1, 0, 0, 0, 0, 0], [1, 0, 1, 0, 0, 0, 0], [1, 0, 0, 1, 0, 0, 0], [1, 0, 0, 0, 1, 0, 0], [1, 0, 0, 0, 0, 1, 0], [1, 0, 0, 2, 10, 5, 16]]
[[1, 0, 0, 0, 0, 0, 0], [1, 1, 0, 0, 0, 0, 0], [1, 0, 1, 0, 0, 0, 0], [1, 0, 0, 1, 0, 0, 0], [1, 0, 0, 1, 2, 0, 0], [1, 0, 1, 0, 0, 2, 0], [1, 2, 1, 2, 0, 2, 4]]
[[1, 0, 0, 0, 0, 0, 0], [1, 1, 0, 0, 0, 0, 0], [1, 0, 1, 0, 0, 0, 0], [1, 0, 0, 1, 0, 0, 0], [1, 0, 0, 0, 1, 0, 0], [1, 1, 0, 0, 0, 2, 0], [1, 3, 2, 1, 3, 6, 8]]
[[1, 0, 0, 0, 0, 0, 0], [1, 1, 0, 0, 0, 0, 0], [1, 0, 1, 0, 0, 0, 0], [1, 0, 0, 1, 0, 0, 0], [1, 0, 0, 0, 2, 0, 0], [1, 1, 1, 1, 0, 2, 0], [1, 3, 3, 3, 0, 2, 4]]
[[1, 0, 0, 0, 0, 0, 0], [1, 1, 0, 0, 0, 0, 0], [1, 0, 1, 0, 0, 0, 0], [1, 0, 0, 1, 0, 0, 0], [1, 0, 0, 1, 2, 0, 0], [1, 0, 0, 0, 0, 1, 0], [1, 0, 4, 0, 0, 5, 8]]
[[1, 0, 0, 0, 0, 0, 0], [1, 1, 0, 0, 0, 0, 0], [1, 0, 1, 0, 0, 0, 0], [1, 0, 0, 1, 0, 0, 0], [1, 0, 0, 0, 1, 0, 0], [1, 0, 2, 0, 3, 4, 0], [1, 2, 2, 1, 0, 0, 4]]
[[1, 0, 0, 0, 0, 0, 0], [1, 1, 0, 0, 0, 0, 0], [1, 0, 1, 0, 0, 0, 0], [1, 0, 1, 2, 0, 0, 0], [1, 1, 0, 0, 2, 0, 0], [1, 0, 0, 0, 0, 1, 0], [1, 0, 2, 0, 0, 3, 4]]
[[1, 0, 0, 0, 0, 0, 0], [1, 1, 0, 0, 0, 0, 0], [1, 0, 1, 0, 0, 0, 0], [1, 0, 0, 1, 0, 0, 0], [1, 0, 0, 0, 1, 0, 0], [1, 0, 0, 0, 0, 1, 0], [1, 0, 6, 1, 3, 7, 16]]
[[1, 0, 0, 0, 0, 0, 0], [1, 1, 0, 0, 0, 0, 0], [1, 0, 1, 0, 0, 0, 0], [1, 0, 0, 1, 0, 0, 0], [1, 0, 0, 0, 1, 0, 0], [1, 0, 0, 0, 0, 1, 0], [1, 0, 4, 4, 2, 7, 16]]
[[1, 0, 0, 0, 0, 0, 0], [1, 1, 0, 0, 0, 0, 0], [1, 0, 1, 0, 0, 0, 0], [1, 0, 0, 1, 0, 0, 0], [1, 0, 0, 0, 1, 0, 0], [1, 0, 0, 0, 0, 1, 0], [1, 8, 8, 6, 10, 1, 16]]
[[1, 0, 0, 0, 0, 0, 0], [1, 1, 0, 0, 0, 0, 0], [1, 0, 1, 0, 0, 0, 0], [1, 0, 0, 1, 0, 0, 0], [1, 0, 0, 0, 1, 0, 0], [1, 0, 1, 1, 3, 4, 0], [1, 1, 0, 2, 2, 0, 4]]
[[1, 0, 0, 0, 0, 0, 0], [1, 1, 0, 0, 0, 0, 0], [1, 0, 1, 0, 0, 0, 0], [1, 0, 0, 1, 0, 0, 0], [1, 0, 0, 0, 1, 0, 0], [1, 0, 0, 0, 0, 1, 0], [1, 0, 0, 1, 3, 13, 16]]
[[1, 0, 0, 0, 0, 0, 0], [1, 1, 0, 0, 0, 0, 0], [1, 0, 1, 0, 0, 0, 0], [1, 0, 0, 1, 0, 0, 0], [1, 1, 1, 1, 2, 0, 0], [1, 0, 0, 0, 0, 1, 0], [1, 0, 0, 4, 0, 5, 8]]
[[1, 0, 0, 0, 0, 0, 0], [1, 1, 0, 0, 0, 0, 0], [1, 0, 1, 0, 0, 0, 0], [1, 0, 0, 1, 0, 0, 0], [1, 0, 0, 0, 1, 0, 0], [1, 0, 0, 0, 1, 2, 0], [1, 0, 2, 1, 6, 2, 8]]
[[1, 0, 0, 0, 0, 0, 0], [1, 1, 0, 0, 0, 0, 0], [1, 0, 1, 0, 0, 0, 0], [1, 0, 0, 1, 0, 0, 0], [1, 0, 0, 0, 1, 0, 0], [1, 0, 0, 0, 0, 1, 0], [1, 0, 4, 1, 1, 11, 16]]
[[1, 0, 0, 0, 0, 0, 0], [1, 1, 0, 0, 0, 0, 0], [1, 0, 1, 0, 0, 0, 0], [1, 0, 0, 1, 0, 0, 0], [1, 0, 0, 0, 1, 0, 0], [1, 0, 0, 0, 0, 1, 0], [1, 0, 0, 10, 10, 13, 16]]
[[1, 0, 0, 0, 0, 0, 0], [1, 1, 0, 0, 0, 0, 0], [1, 0, 1, 0, 0, 0, 0], [1, 0, 0, 1, 0, 0, 0], [1, 0, 0, 1, 2, 0, 0], [1, 0, 0, 0, 0, 1, 0], [1, 0, 0, 0, 0, 1, 8]]
[[1, 0, 0, 0, 0, 0, 0], [1, 1, 0, 0, 0, 0, 0], [1, 0, 1, 0, 0, 0, 0], [1, 0, 0, 2, 0, 0, 0], [1, 0, 0, 0, 2, 0, 0], [1, 0, 0, 0, 0, 1, 0], [1, 2, 2, 0, 0, 1, 4]]
[[1, 0, 0, 0, 0, 0, 0], [1, 1, 0, 0, 0, 0, 0], [1, 1, 2, 0, 0, 0, 0], [1, 0, 0, 1, 0, 0, 0], [1, 0, 0, 0, 1, 0, 0], [1, 0, 0, 0, 0, 1, 0], [1, 0, 0, 2, 6, 1, 8]]
[[1, 0, 0, 0, 0, 0, 0], [1, 1, 0, 0, 0, 0, 0], [1, 0, 1, 0, 0, 0, 0], [1, 0, 0, 1, 0, 0, 0], [1, 0, 1, 1, 2, 0, 0], [1, 1, 0, 1, 0, 2, 0], [1, 3, 0, 1, 0, 2, 4]]
[[1, 0, 0, 0, 0, 0, 0], [1, 1, 0, 0, 0, 0, 0], [1, 0, 1, 0, 0, 0, 0], [1, 0, 0, 1, 0, 0, 0], [1, 0, 0, 0, 1, 0, 0], [1, 0, 0, 0, 0, 1, 0], [1, 0, 0, 4, 4, 9, 16]]
[[1, 0, 0, 0, 0, 0, 0], [1, 1, 0, 0, 0, 0, 0], [1, 0, 1, 0, 0, 0, 0], [1, 0, 0, 1, 0, 0, 0], [1, 0, 0, 0, 1, 0, 0], [1, 0, 0, 0, 0, 1, 0], [1, 1, 3, 5, 11, 13, 16]]
[[1, 0, 0, 0, 0, 0, 0], [1, 1, 0, 0, 0, 0, 0], [1, 0, 1, 0, 0, 0, 0], [1, 0, 0, 1, 0, 0, 0], [1, 0, 0, 0, 1, 0, 0], [1, 0, 0, 0, 1, 2, 0], [1, 4, 4, 4, 5, 2, 8]]
[[1, 0, 0, 0, 0, 0, 0], [1, 1, 0, 0, 0, 0, 0], [1, 1, 2, 0, 0, 0, 0], [1, 0, 0, 1, 0, 0, 0], [1, 0, 0, 0, 1, 0, 0], [1, 0, 0, 0, 0, 1, 0], [1, 0, 0, 1, 3, 5, 8]]
[[1, 0, 0, 0, 0, 0, 0], [1, 1, 0, 0, 0, 0, 0], [1, 0, 1, 0, 0, 0, 0], [1, 0, 0, 1, 0, 0, 0], [1, 0, 0, 0, 1, 0, 0], [1, 0, 0, 0, 0, 1, 0], [1, 8, 4, 3, 7, 11, 16]]
[[1, 0, 0, 0, 0, 0, 0], [1, 1, 0, 0, 0, 0, 0], [1, 0, 1, 0, 0, 0, 0], [1, 0, 0, 1, 0, 0, 0], [1, 0, 1, 1, 2, 0, 0], [1, 1, 0, 0, 0, 2, 0], [1, 3, 0, 0, 0, 2, 4]]
[[1, 0, 0, 0, 0, 0, 0], [1, 1, 0, 0, 0, 0, 0], [1, 0, 1, 0, 0, 0, 0], [1, 0, 0, 1, 0, 0, 0], [1, 0, 0, 0, 1, 0, 0], [1, 0, 0, 0, 0, 1, 0], [1, 2, 14, 1, 5, 11, 16]]
[[1, 0, 0, 0, 0, 0, 0], [1, 1, 0, 0, 0, 0, 0], [1, 0, 1, 0, 0, 0, 0], [1, 0, 0, 1, 0, 0, 0], [1, 0, 0, 0, 1, 0, 0], [1, 0, 1, 1, 1, 2, 0], [1, 4, 5, 5, 5, 2, 8]]
[[1, 0, 0, 0, 0, 0, 0], [1, 1, 0, 0, 0, 0, 0], [1, 0, 1, 0, 0, 0, 0], [1, 0, 0, 1, 0, 0, 0], [1, 0, 0, 0, 2, 0, 0], [1, 1, 1, 0, 0, 2, 0], [1, 1, 3, 1, 2, 2, 4]]
[[1, 0, 0, 0, 0, 0, 0], [1, 1, 0, 0, 0, 0, 0], [1, 0, 1, 0, 0, 0, 0], [1, 0, 0, 1, 0, 0, 0], [1, 0, 0, 0, 2, 0, 0], [1, 0, 0, 0, 0, 1, 0], [1, 4, 4, 4, 0, 1, 8]]
[[1, 0, 0, 0, 0, 0, 0], [1, 1, 0, 0, 0, 0, 0], [1, 0, 1, 0, 0, 0, 0], [1, 0, 1, 2, 0, 0, 0], [1, 0, 0, 0, 1, 0, 0], [1, 0, 0, 0, 0, 1, 0], [1, 0, 0, 0, 6, 3, 8]]
[[1, 0, 0, 0, 0, 0, 0], [1, 1, 0, 0, 0, 0, 0], [1, 0, 1, 0, 0, 0, 0], [1, 0, 0, 1, 0, 0, 0], [1, 0, 0, 1, 2, 0, 0], [1, 0, 1, 1, 1, 2, 0], [1, 2, 3, 3, 1, 2, 4]]
[[1, 0, 0, 0, 0, 0, 0], [1, 1, 0, 0, 0, 0, 0], [1, 0, 1, 0, 0, 0, 0], [1, 0, 0, 1, 0, 0, 0], [1, 0, 0, 0, 1, 0, 0], [1, 0, 0, 0, 0, 1, 0], [1, 0, 0, 8, 4, 5, 16]]
[[1, 0, 0, 0, 0, 0, 0], [1, 1, 0, 0, 0, 0, 0], [1, 0, 1, 0, 0, 0, 0], [1, 0, 0, 1, 0, 0, 0], [1, 0, 0, 0, 1, 0, 0], [1, 0, 0, 0, 0, 1, 0], [1, 0, 8, 4, 14, 7, 16]]
[[1, 0, 0, 0, 0, 0, 0], [1, 1, 0, 0, 0, 0, 0], [1, 0, 1, 0, 0, 0, 0], [1, 0, 0, 1, 0, 0, 0], [1, 0, 0, 0, 1, 0, 0], [1, 0, 0, 0, 0, 1, 0], [1, 0, 0, 8, 8, 1, 16]]
[[1, 0, 0, 0, 0, 0, 0], [1, 1, 0, 0, 0, 0, 0], [1, 0, 1, 0, 0, 0, 0], [1, 0, 0, 1, 0, 0, 0], [1, 0, 0, 0, 1, 0, 0], [1, 0, 0, 0, 0, 1, 0], [1, 0, 0, 4, 12, 1, 16]]
[[1, 0, 0, 0, 0, 0, 0], [1, 1, 0, 0, 0, 0, 0], [1, 0, 1, 0, 0, 0, 0], [1, 0, 0, 1, 0, 0, 0], [1, 0, 0, 0, 1, 0, 0], [1, 0, 0, 0, 1, 4, 0], [1, 0, 2, 2, 1, 0, 4]]
[[1, 0, 0, 0, 0, 0, 0], [1, 1, 0, 0, 0, 0, 0], [1, 0, 1, 0, 0, 0, 0], [1, 0, 0, 1, 0, 0, 0], [1, 0, 0, 0, 1, 0, 0], [1, 0, 0, 0, 0, 1, 0], [1, 8, 4, 6, 14, 1, 16]]
[[1, 0, 0, 0, 0, 0, 0], [1, 1, 0, 0, 0, 0, 0], [1, 0, 1, 0, 0, 0, 0], [1, 0, 0, 1, 0, 0, 0], [1, 0, 0, 1, 2, 0, 0], [1, 1, 1, 1, 0, 2, 0], [1, 1, 3, 3, 0, 2, 4]]
[[1, 0, 0, 0, 0, 0, 0], [1, 1, 0, 0, 0, 0, 0], [1, 0, 1, 0, 0, 0, 0], [1, 0, 0, 1, 0, 0, 0], [1, 0, 0, 0, 1, 0, 0], [1, 0, 0, 0, 0, 1, 0], [1, 0, 0, 3, 15, 15, 16]]
[[1, 0, 0, 0, 0, 0, 0], [1, 1, 0, 0, 0, 0, 0], [1, 0, 1, 0, 0, 0, 0], [1, 0, 0, 1, 0, 0, 0], [1, 0, 0, 0, 1, 0, 0], [1, 0, 0, 0, 0, 1, 0], [1, 0, 6, 1, 11, 15, 16]]
[[1, 0, 0, 0, 0, 0, 0], [1, 1, 0, 0, 0, 0, 0], [1, 0, 1, 0, 0, 0, 0], [1, 0, 0, 1, 0, 0, 0], [1, 0, 0, 0, 1, 0, 0], [1, 0, 1, 0, 0, 2, 0], [1, 0, 1, 3, 5, 6, 8]]
[[1, 0, 0, 0, 0, 0, 0], [1, 1, 0, 0, 0, 0, 0], [1, 0, 1, 0, 0, 0, 0], [1, 0, 0, 1, 0, 0, 0], [1, 0, 0, 0, 1, 0, 0], [1, 0, 0, 0, 1, 4, 0], [1, 0, 0, 0, 1, 0, 4]]
[[1, 0, 0, 0, 0, 0, 0], [1, 1, 0, 0, 0, 0, 0], [1, 0, 1, 0, 0, 0, 0], [1, 0, 0, 1, 0, 0, 0], [1, 0, 0, 0, 1, 0, 0], [1, 0, 0, 0, 0, 1, 0], [1, 0, 8, 8, 10, 7, 16]]
[[1, 0, 0, 0, 0, 0, 0], [1, 1, 0, 0, 0, 0, 0], [1, 0, 1, 0, 0, 0, 0], [1, 0, 0, 1, 0, 0, 0], [1, 0, 0, 0, 1, 0, 0], [1, 0, 0, 0, 0, 1, 0], [1, 4, 4, 12, 12, 1, 16]]
[[1, 0, 0, 0, 0, 0, 0], [1, 1, 0, 0, 0, 0, 0], [1, 1, 2, 0, 0, 0, 0], [1, 0, 0, 1, 0, 0, 0], [1, 0, 0, 0, 1, 0, 0], [1, 0, 0, 0, 1, 2, 0], [1, 0, 0, 1, 0, 2, 4]]
[[1, 0, 0, 0, 0, 0, 0], [1, 1, 0, 0, 0, 0, 0], [1, 0, 1, 0, 0, 0, 0], [1, 0, 0, 1, 0, 0, 0], [1, 0, 0, 0, 1, 0, 0], [1, 0, 0, 0, 0, 1, 0], [1, 1, 1, 1, 15, 15, 16]]
[[1, 0, 0, 0, 0, 0, 0], [1, 1, 0, 0, 0, 0, 0], [1, 0, 1, 0, 0, 0, 0], [1, 0, 0, 1, 0, 0, 0], [1, 0, 0, 0, 1, 0, 0], [1, 0, 0, 0, 0, 1, 0], [1, 0, 0, 5, 5, 7, 16]]
[[1, 0, 0, 0, 0, 0, 0], [1, 1, 0, 0, 0, 0, 0], [1, 0, 1, 0, 0, 0, 0], [1, 0, 0, 1, 0, 0, 0], [1, 0, 0, 0, 1, 0, 0], [1, 0, 0, 0, 1, 2, 0], [1, 0, 0, 3, 6, 2, 8]]
[[1, 0, 0, 0, 0, 0, 0], [1, 1, 0, 0, 0, 0, 0], [1, 0, 1, 0, 0, 0, 0], [1, 0, 0, 1, 0, 0, 0], [1, 0, 0, 1, 2, 0, 0], [1, 0, 0, 0, 0, 1, 0], [1, 0, 4, 6, 4, 7, 8]]
[[1, 0, 0, 0, 0, 0, 0], [1, 1, 0, 0, 0, 0, 0], [1, 0, 1, 0, 0, 0, 0], [1, 0, 0, 2, 0, 0, 0], [1, 0, 1, 0, 2, 0, 0], [1, 1, 0, 0, 0, 2, 0], [1, 1, 1, 0, 0, 0, 2]]
[[1, 0, 0, 0, 0, 0, 0], [1, 1, 0, 0, 0, 0, 0], [1, 0, 1, 0, 0, 0, 0], [1, 0, 0, 1, 0, 0, 0], [1, 0, 0, 0, 1, 0, 0], [1, 0, 0, 0, 0, 1, 0], [1, 0, 0, 3, 3, 11, 16]]
[[1, 0, 0, 0, 0, 0, 0], [1, 1, 0, 0, 0, 0, 0], [1, 0, 1, 0, 0, 0, 0], [1, 0, 1, 2, 0, 0, 0], [1, 0, 1, 0, 2, 0, 0], [1, 0, 0, 0, 0, 1, 0], [1, 0, 2, 0, 0, 3, 4]]
[[1, 0, 0, 0, 0, 0, 0], [1, 1, 0, 0, 0, 0, 0], [1, 0, 1, 0, 0, 0, 0], [1, 0, 0, 1, 0, 0, 0], [1, 0, 0, 1, 2, 0, 0], [1, 0, 0, 0, 0, 1, 0], [1, 4, 4, 0, 4, 1, 8]]
[[1, 0, 0, 0, 0, 0, 0], [1, 1, 0, 0, 0, 0, 0], [1, 0, 1, 0, 0, 0, 0], [1, 0, 0, 1, 0, 0, 0], [1, 0, 0, 0, 1, 0, 0], [1, 0, 0, 0, 0, 1, 0], [1, 0, 0, 8, 2, 7, 16]]
[[1, 0, 0, 0, 0, 0, 0], [1, 1, 0, 0, 0, 0, 0], [1, 0, 2, 0, 0, 0, 0], [1, 0, 0, 1, 0, 0, 0], [1, 0, 0, 0, 1, 0, 0], [1, 0, 0, 0, 0, 1, 0], [1, 4, 0, 1, 3, 5, 8]]
[[1, 0, 0, 0, 0, 0, 0], [1, 1, 0, 0, 0, 0, 0], [1, 0, 1, 0, 0, 0, 0], [1, 0, 0, 1, 0, 0, 0], [1, 0, 0, 0, 1, 0, 0], [1, 0, 0, 0, 1, 4, 0], [1, 0, 2, 1, 2, 0, 4]]
[[1, 0, 0, 0, 0, 0, 0], [1, 1, 0, 0, 0, 0, 0], [1, 0, 2, 0, 0, 0, 0], [1, 0, 0, 1, 0, 0, 0], [1, 0, 0, 0, 1, 0, 0], [1, 1, 0, 0, 1, 2, 0], [1, 1, 0, 1, 0, 2, 4]]
[[1, 0, 0, 0, 0, 0, 0], [1, 1, 0, 0, 0, 0, 0], [1, 0, 1, 0, 0, 0, 0], [1, 0, 0, 1, 0, 0, 0], [1, 0, 0, 0, 1, 0, 0], [1, 0, 0, 0, 1, 2, 0], [1, 0, 0, 0, 1, 2, 8]]
[[1, 0, 0, 0, 0, 0, 0], [1, 1, 0, 0, 0, 0, 0], [1, 0, 1, 0, 0, 0, 0], [1, 0, 0, 1, 0, 0, 0], [1, 0, 1, 1, 2, 0, 0], [1, 0, 0, 0, 0, 1, 0], [1, 4, 0, 4, 0, 5, 8]]
[[1, 0, 0, 0, 0, 0, 0], [1, 1, 0, 0, 0, 0, 0], [1, 0, 1, 0, 0, 0, 0], [1, 0, 0, 1, 0, 0, 0], [1, 0, 0, 0, 1, 0, 0], [1, 0, 0, 0, 0, 1, 0], [1, 8, 8, 8, 8, 1, 16]]
[[1, 0, 0, 0, 0, 0, 0], [1, 1, 0, 0, 0, 0, 0], [1, 0, 1, 0, 0, 0, 0], [1, 0, 0, 1, 0, 0, 0], [1, 0, 0, 0, 1, 0, 0], [1, 0, 0, 0, 0, 1, 0], [1, 0, 4, 6, 14, 9, 16]]
[[1, 0, 0, 0, 0, 0, 0], [1, 1, 0, 0, 0, 0, 0], [1, 0, 1, 0, 0, 0, 0], [1, 0, 0, 1, 0, 0, 0], [1, 0, 0, 0, 1, 0, 0], [1, 0, 0, 2, 3, 4, 0], [1, 2, 1, 1, 1, 0, 4]]
[[1, 0, 0, 0, 0, 0, 0], [1, 1, 0, 0, 0, 0, 0], [1, 0, 1, 0, 0, 0, 0], [1, 0, 0, 1, 0, 0, 0], [1, 0, 0, 0, 1, 0, 0], [1, 0, 0, 0, 0, 1, 0], [1, 0, 8, 4, 4, 1, 16]]
[[1, 0, 0, 0, 0, 0, 0], [1, 1, 0, 0, 0, 0, 0], [1, 0, 1, 0, 0, 0, 0], [1, 0, 0, 1, 0, 0, 0], [1, 0, 0, 1, 2, 0, 0], [1, 0, 1, 0, 0, 2, 0], [1, 1, 0, 0, 2, 2, 4]]
[[1, 0, 0, 0, 0, 0, 0], [1, 1, 0, 0, 0, 0, 0], [1, 0, 1, 0, 0, 0, 0], [1, 0, 0, 1, 0, 0, 0], [1, 0, 0, 0, 1, 0, 0], [1, 0, 0, 0, 0, 1, 0], [1, 0, 8, 8, 8, 9, 16]]
[[1, 0, 0, 0, 0, 0, 0], [1, 1, 0, 0, 0, 0, 0], [1, 0, 1, 0, 0, 0, 0], [1, 0, 0, 1, 0, 0, 0], [1, 0, 0, 0, 1, 0, 0], [1, 0, 0, 0, 0, 1, 0], [1, 4, 12, 6, 10, 1, 16]]
[[1, 0, 0, 0, 0, 0, 0], [1, 1, 0, 0, 0, 0, 0], [1, 0, 1, 0, 0, 0, 0], [1, 0, 0, 1, 0, 0, 0], [1, 0, 0, 1, 2, 0, 0], [1, 0, 0, 0, 0, 1, 0], [1, 0, 2, 0, 4, 7, 8]]
[[1, 0, 0, 0, 0, 0, 0], [1, 1, 0, 0, 0, 0, 0], [1, 0, 1, 0, 0, 0, 0], [1, 0, 0, 1, 0, 0, 0], [1, 1, 0, 0, 2, 0, 0], [1, 0, 0, 0, 0, 1, 0], [1, 6, 2, 6, 4, 3, 8]]
[[1, 0, 0, 0, 0, 0, 0], [1, 1, 0, 0, 0, 0, 0], [1, 0, 1, 0, 0, 0, 0], [1, 0, 0, 1, 0, 0, 0], [1, 0, 0, 0, 1, 0, 0], [1, 1, 1, 0, 1, 2, 0], [1, 3, 7, 3, 6, 2, 8]]
[[1, 0, 0, 0, 0, 0, 0], [1, 1, 0, 0, 0, 0, 0], [1, 0, 1, 0, 0, 0, 0], [1, 0, 0, 1, 0, 0, 0], [1, 0, 0, 0, 1, 0, 0], [1, 0, 1, 0, 0, 2, 0], [1, 0, 5, 5, 7, 2, 8]]
[[1, 0, 0, 0, 0, 0, 0], [1, 1, 0, 0, 0, 0, 0], [1, 0, 1, 0, 0, 0, 0], [1, 0, 0, 1, 0, 0, 0], [1, 0, 0, 1, 2, 0, 0], [1, 0, 0, 0, 0, 1, 0], [1, 2, 6, 0, 4, 1, 8]]
[[1, 0, 0, 0, 0, 0, 0], [1, 1, 0, 0, 0, 0, 0], [1, 0, 1, 0, 0, 0, 0], [1, 0, 0, 1, 0, 0, 0], [1, 0, 0, 0, 1, 0, 0], [1, 1, 1, 0, 1, 2, 0], [1, 1, 3, 1, 6, 2, 8]]
[[1, 0, 0, 0, 0, 0, 0], [1, 1, 0, 0, 0, 0, 0], [1, 0, 1, 0, 0, 0, 0], [1, 0, 0, 1, 0, 0, 0], [1, 0, 0, 0, 1, 0, 0], [1, 0, 0, 0, 0, 1, 0], [1, 0, 0, 12, 14, 7, 16]]
[[1, 0, 0, 0, 0, 0, 0], [1, 1, 0, 0, 0, 0, 0], [1, 0, 1, 0, 0, 0, 0], [1, 0, 0, 1, 0, 0, 0], [1, 1, 1, 1, 2, 0, 0], [1, 0, 0, 0, 0, 1, 0], [1, 2, 0, 0, 4, 3, 8]]
[[1, 0, 0, 0, 0, 0, 0], [1, 1, 0, 0, 0, 0, 0], [1, 0, 1, 0, 0, 0, 0], [1, 0, 0, 1, 0, 0, 0], [1, 0, 0, 0, 1, 0, 0], [1, 0, 0, 0, 0, 1, 0], [1, 0, 0, 4, 2, 11, 16]]
[[1, 0, 0, 0, 0, 0, 0], [1, 1, 0, 0, 0, 0, 0], [1, 0, 1, 0, 0, 0, 0], [1, 0, 0, 1, 0, 0, 0], [1, 0, 0, 0, 1, 0, 0], [1, 0, 0, 0, 0, 1, 0], [1, 0, 4, 12, 6, 11, 16]]
[[1, 0, 0, 0, 0, 0, 0], [1, 1, 0, 0, 0, 0, 0], [1, 0, 1, 0, 0, 0, 0], [1, 0, 0, 1, 0, 0, 0], [1, 0, 0, 0, 1, 0, 0], [1, 0, 0, 0, 0, 1, 0], [1, 0, 0, 4, 14, 15, 16]]
[[1, 0, 0, 0, 0, 0, 0], [1, 1, 0, 0, 0, 0, 0], [1, 0, 1, 0, 0, 0, 0], [1, 0, 0, 1, 0, 0, 0], [1, 0, 0, 0, 1, 0, 0], [1, 0, 1, 0, 0, 2, 0], [1, 0, 3, 3, 3, 2, 8]]
[[1, 0, 0, 0, 0, 0, 0], [1, 1, 0, 0, 0, 0, 0], [1, 0, 1, 0, 0, 0, 0], [1, 0, 0, 1, 0, 0, 0], [1, 0, 0, 0, 1, 0, 0], [1, 0, 0, 0, 0, 1, 0], [1, 0, 0, 12, 2, 3, 16]]
[[1, 0, 0, 0, 0, 0, 0], [1, 1, 0, 0, 0, 0, 0], [1, 0, 1, 0, 0, 0, 0], [1, 0, 0, 1, 0, 0, 0], [1, 0, 1, 0, 2, 0, 0], [1, 0, 0, 0, 0, 1, 0], [1, 0, 2, 6, 4, 1, 8]]
[[1, 0, 0, 0, 0, 0, 0], [1, 1, 0, 0, 0, 0, 0], [1, 0, 1, 0, 0, 0, 0], [1, 0, 0, 1, 0, 0, 0], [1, 0, 0, 0, 1, 0, 0], [1, 0, 0, 0, 1, 4, 0], [1, 2, 2, 2, 3, 0, 4]]
[[1, 0, 0, 0, 0, 0, 0], [1, 1, 0, 0, 0, 0, 0], [1, 0, 1, 0, 0, 0, 0], [1, 0, 0, 1, 0, 0, 0], [1, 0, 0, 0, 1, 0, 0], [1, 0, 0, 0, 0, 1, 0], [1, 0, 4, 12, 10, 7, 16]]
[[1, 0, 0, 0, 0, 0, 0], [1, 1, 0, 0, 0, 0, 0], [1, 0, 1, 0, 0, 0, 0], [1, 0, 1, 2, 0, 0, 0], [1, 1, 0, 0, 2, 0, 0], [1, 0, 0, 0, 0, 1, 0], [1, 0, 0, 0, 0, 1, 4]]
[[1, 0, 0, 0, 0, 0, 0], [1, 1, 0, 0, 0, 0, 0], [1, 0, 1, 0, 0, 0, 0], [1, 0, 0, 1, 0, 0, 0], [1, 0, 0, 0, 1, 0, 0], [1, 0, 1, 1, 3, 4, 0], [1, 1, 0, 1, 3, 0, 4]]
[[1, 0, 0, 0, 0, 0, 0], [1, 1, 0, 0, 0, 0, 0], [1, 0, 1, 0, 0, 0, 0], [1, 0, 0, 1, 0, 0, 0], [1, 0, 0, 1, 2, 0, 0], [1, 0, 1, 0, 1, 2, 0], [1, 2, 3, 0, 3, 2, 4]]
[[1, 0, 0, 0, 0, 0, 0], [1, 1, 0, 0, 0, 0, 0], [1, 0, 1, 0, 0, 0, 0], [1, 0, 0, 1, 0, 0, 0], [1, 0, 0, 0, 1, 0, 0], [1, 0, 0, 2, 3, 4, 0], [1, 2, 2, 3, 2, 0, 4]]
[[1, 0, 0, 0, 0, 0, 0], [1, 1, 0, 0, 0, 0, 0], [1, 0, 1, 0, 0, 0, 0], [1, 0, 0, 1, 0, 0, 0], [1, 0, 0, 0, 1, 0, 0], [1, 0, 1, 1, 1, 2, 0], [1, 0, 1, 5, 5, 2, 8]]
[[1, 0, 0, 0, 0, 0, 0], [1, 1, 0, 0, 0, 0, 0], [1, 0, 1, 0, 0, 0, 0], [1, 0, 0, 1, 0, 0, 0], [1, 0, 0, 0, 1, 0, 0], [1, 0, 0, 0, 0, 1, 0], [1, 0, 8, 12, 2, 11, 16]]
[[1, 0, 0, 0, 0, 0, 0], [1, 1, 0, 0, 0, 0, 0], [1, 0, 1, 0, 0, 0, 0], [1, 0, 0, 1, 0, 0, 0], [1, 0, 0, 0, 1, 0, 0], [1, 0, 0, 0, 0, 1, 0], [1, 0, 8, 2, 10, 13, 16]]
[[1, 0, 0, 0, 0, 0, 0], [1, 1, 0, 0, 0, 0, 0], [1, 0, 1, 0, 0, 0, 0], [1, 0, 0, 2, 0, 0, 0], [1, 0, 0, 0, 2, 0, 0], [1, 0, 0, 0, 0, 2, 0], [1, 1, 1, 0, 0, 0, 2]]
[[1, 0, 0, 0, 0, 0, 0], [1, 1, 0, 0, 0, 0, 0], [1, 1, 2, 0, 0, 0, 0], [1, 0, 0, 1, 0, 0, 0], [1, 0, 0, 0, 1, 0, 0], [1, 0, 0, 0, 0, 1, 0], [1, 4, 0, 1, 1, 3, 8]]
[[1, 0, 0, 0, 0, 0, 0], [1, 1, 0, 0, 0, 0, 0], [1, 0, 1, 0, 0, 0, 0], [1, 0, 1, 2, 0, 0, 0], [1, 0, 0, 0, 1, 0, 0], [1, 0, 0, 0, 0, 1, 0], [1, 0, 0, 0, 2, 7, 8]]
[[1, 0, 0, 0, 0, 0, 0], [1, 1, 0, 0, 0, 0, 0], [1, 0, 1, 0, 0, 0, 0], [1, 0, 0, 1, 0, 0, 0], [1, 0, 0, 0, 1, 0, 0], [1, 0, 0, 0, 0, 1, 0], [1, 0, 2, 1, 5, 9, 16]]
[[1, 0, 0, 0, 0, 0, 0], [1, 1, 0, 0, 0, 0, 0], [1, 0, 1, 0, 0, 0, 0], [1, 0, 0, 1, 0, 0, 0], [1, 0, 0, 1, 2, 0, 0], [1, 0, 0, 0, 0, 1, 0], [1, 0, 4, 4, 4, 1, 8]]
[[1, 0, 0, 0, 0, 0, 0], [1, 1, 0, 0, 0, 0, 0], [1, 0, 1, 0, 0, 0, 0], [1, 0, 0, 1, 0, 0, 0], [1, 0, 0, 0, 1, 0, 0], [1, 0, 3, 3, 3, 4, 0], [1, 2, 0, 1, 2, 0, 4]]
[[1, 0, 0, 0, 0, 0, 0], [1, 1, 0, 0, 0, 0, 0], [1, 0, 1, 0, 0, 0, 0], [1, 0, 0, 1, 0, 0, 0], [1, 0, 0, 0, 1, 0, 0], [1, 2, 2, 0, 1, 4, 0], [1, 2, 2, 1, 0, 0, 4]]
[[1, 0, 0, 0, 0, 0, 0], [1, 1, 0, 0, 0, 0, 0], [1, 0, 1, 0, 0, 0, 0], [1, 0, 0, 1, 0, 0, 0], [1, 0, 0, 1, 2, 0, 0], [1, 0, 1, 0, 0, 2, 0], [1, 0, 1, 0, 0, 2, 4]]
[[1, 0, 0, 0, 0, 0, 0], [1, 1, 0, 0, 0, 0, 0], [1, 0, 1, 0, 0, 0, 0], [1, 0, 0, 1, 0, 0, 0], [1, 0, 0, 1, 2, 0, 0], [1, 0, 0, 1, 0, 2, 0], [1, 0, 0, 1, 2, 2, 4]]
[[1, 0, 0, 0, 0, 0, 0], [1, 1, 0, 0, 0, 0, 0], [1, 0, 1, 0, 0, 0, 0], [1, 0, 0, 1, 0, 0, 0], [1, 1, 1, 1, 2, 0, 0], [1, 0, 0, 0, 0, 1, 0], [1, 2, 2, 6, 4, 3, 8]]
[[1, 0, 0, 0, 0, 0, 0], [1, 1, 0, 0, 0, 0, 0], [1, 0, 1, 0, 0, 0, 0], [1, 0, 0, 1, 0, 0, 0], [1, 0, 0, 0, 1, 0, 0], [1, 0, 0, 0, 0, 1, 0], [1, 0, 0, 6, 10, 1, 16]]
[[1, 0, 0, 0, 0, 0, 0], [1, 1, 0, 0, 0, 0, 0], [1, 0, 1, 0, 0, 0, 0], [1, 0, 0, 1, 0, 0, 0], [1, 0, 0, 0, 1, 0, 0], [1, 1, 1, 1, 0, 2, 0], [1, 3, 3, 7, 2, 6, 8]]
[[1, 0, 0, 0, 0, 0, 0], [1, 1, 0, 0, 0, 0, 0], [1, 0, 1, 0, 0, 0, 0], [1, 0, 0, 1, 0, 0, 0], [1, 0, 0, 0, 1, 0, 0], [1, 0, 0, 2, 3, 4, 0], [1, 0, 2, 1, 2, 0, 4]]
[[1, 0, 0, 0, 0, 0, 0], [1, 1, 0, 0, 0, 0, 0], [1, 0, 1, 0, 0, 0, 0], [1, 0, 0, 1, 0, 0, 0], [1, 0, 0, 0, 1, 0, 0], [1, 0, 0, 0, 1, 4, 0], [1, 1, 1, 3, 0, 0, 4]]
[[1, 0, 0, 0, 0, 0, 0], [1, 1, 0, 0, 0, 0, 0], [1, 0, 2, 0, 0, 0, 0], [1, 0, 0, 1, 0, 0, 0], [1, 0, 0, 0, 1, 0, 0], [1, 0, 0, 0, 1, 2, 0], [1, 2, 0, 1, 0, 2, 4]]
[[1, 0, 0, 0, 0, 0, 0], [1, 1, 0, 0, 0, 0, 0], [1, 0, 1, 0, 0, 0, 0], [1, 0, 0, 1, 0, 0, 0], [1, 0, 0, 0, 1, 0, 0], [1, 0, 0, 0, 0, 1, 0], [1, 0, 4, 2, 14, 13, 16]]
[[1, 0, 0, 0, 0, 0, 0], [1, 1, 0, 0, 0, 0, 0], [1, 0, 1, 0, 0, 0, 0], [1, 0, 0, 1, 0, 0, 0], [1, 0, 0, 0, 1, 0, 0], [1, 0, 0, 0, 0, 1, 0], [1, 1, 1, 5, 11, 15, 16]]
[[1, 0, 0, 0, 0, 0, 0], [1, 1, 0, 0, 0, 0, 0], [1, 0, 1, 0, 0, 0, 0], [1, 0, 0, 1, 0, 0, 0], [1, 0, 0, 0, 1, 0, 0], [1, 0, 0, 0, 0, 1, 0], [1, 0, 2, 3, 5, 7, 16]]
[[1, 0, 0, 0, 0, 0, 0], [1, 1, 0, 0, 0, 0, 0], [1, 0, 1, 0, 0, 0, 0], [1, 0, 0, 1, 0, 0, 0], [1, 0, 0, 0, 1, 0, 0], [1, 0, 0, 0, 0, 1, 0], [1, 0, 0, 0, 6, 11, 16]]
[[1, 0, 0, 0, 0, 0, 0], [1, 1, 0, 0, 0, 0, 0], [1, 0, 1, 0, 0, 0, 0], [1, 0, 0, 1, 0, 0, 0], [1, 0, 0, 0, 1, 0, 0], [1, 1, 1, 0, 1, 2, 0], [1, 3, 3, 1, 0, 6, 8]]
[[1, 0, 0, 0, 0, 0, 0], [1, 1, 0, 0, 0, 0, 0], [1, 0, 1, 0, 0, 0, 0], [1, 0, 0, 1, 0, 0, 0], [1, 0, 0, 0, 2, 0, 0], [1, 0, 0, 1, 0, 2, 0], [1, 2, 2, 3, 0, 2, 4]]
[[1, 0, 0, 0, 0, 0, 0], [1, 1, 0, 0, 0, 0, 0], [1, 0, 1, 0, 0, 0, 0], [1, 0, 0, 1, 0, 0, 0], [1, 0, 0, 1, 2, 0, 0], [1, 0, 0, 0, 0, 1, 0], [1, 0, 0, 2, 4, 7, 8]]
[[1, 0, 0, 0, 0, 0, 0], [1, 1, 0, 0, 0, 0, 0], [1, 0, 1, 0, 0, 0, 0], [1, 0, 0, 1, 0, 0, 0], [1, 0, 0, 0, 1, 0, 0], [1, 0, 0, 0, 0, 1, 0], [1, 0, 12, 3, 7, 11, 16]]
[[1, 0, 0, 0, 0, 0, 0], [1, 1, 0, 0, 0, 0, 0], [1, 0, 1, 0, 0, 0, 0], [1, 0, 0, 1, 0, 0, 0], [1, 0, 0, 0, 1, 0, 0], [1, 0, 0, 0, 0, 1, 0], [1, 0, 0, 12, 6, 15, 16]]
[[1, 0, 0, 0, 0, 0, 0], [1, 1, 0, 0, 0, 0, 0], [1, 1, 2, 0, 0, 0, 0], [1, 0, 0, 1, 0, 0, 0], [1, 0, 0, 0, 1, 0, 0], [1, 0, 0, 0, 0, 1, 0], [1, 4, 0, 2, 6, 5, 8]]
[[1, 0, 0, 0, 0, 0, 0], [1, 1, 0, 0, 0, 0, 0], [1, 1, 2, 0, 0, 0, 0], [1, 0, 0, 1, 0, 0, 0], [1, 0, 0, 0, 1, 0, 0], [1, 0, 0, 0, 0, 1, 0], [1, 0, 0, 1, 1, 7, 8]]
[[1, 0, 0, 0, 0, 0, 0], [1, 1, 0, 0, 0, 0, 0], [1, 0, 1, 0, 0, 0, 0], [1, 0, 0, 1, 0, 0, 0], [1, 0, 0, 0, 1, 0, 0], [1, 0, 0, 0, 0, 1, 0], [1, 0, 6, 10, 10, 7, 16]]
[[1, 0, 0, 0, 0, 0, 0], [1, 1, 0, 0, 0, 0, 0], [1, 0, 1, 0, 0, 0, 0], [1, 0, 0, 1, 0, 0, 0], [1, 0, 0, 0, 1, 0, 0], [1, 0, 3, 3, 3, 4, 0], [1, 3, 1, 2, 3, 0, 4]]
[[1, 0, 0, 0, 0, 0, 0], [1, 1, 0, 0, 0, 0, 0], [1, 0, 1, 0, 0, 0, 0], [1, 0, 0, 1, 0, 0, 0], [1, 0, 0, 0, 1, 0, 0], [1, 0, 0, 0, 0, 1, 0], [1, 0, 8, 2, 6, 1, 16]]
[[1, 0, 0, 0, 0, 0, 0], [1, 1, 0, 0, 0, 0, 0], [1, 0, 1, 0, 0, 0, 0], [1, 0, 0, 1, 0, 0, 0], [1, 0, 0, 0, 1, 0, 0], [1, 0, 0, 0, 0, 1, 0], [1, 0, 2, 2, 14, 15, 16]]
[[1, 0, 0, 0, 0, 0, 0], [1, 1, 0, 0, 0, 0, 0], [1, 0, 1, 0, 0, 0, 0], [1, 0, 0, 1, 0, 0, 0], [1, 0, 0, 0, 1, 0, 0], [1, 0, 0, 0, 0, 1, 0], [1, 0, 2, 1, 15, 15, 16]]
[[1, 0, 0, 0, 0, 0, 0], [1, 1, 0, 0, 0, 0, 0], [1, 0, 1, 0, 0, 0, 0], [1, 0, 0, 1, 0, 0, 0], [1, 0, 1, 1, 2, 0, 0], [1, 1, 0, 1, 0, 2, 0], [1, 3, 3, 1, 2, 2, 4]]
[[1, 0, 0, 0, 0, 0, 0], [1, 1, 0, 0, 0, 0, 0], [1, 0, 1, 0, 0, 0, 0], [1, 0, 0, 1, 0, 0, 0], [1, 0, 0, 0, 1, 0, 0], [1, 0, 0, 0, 0, 1, 0], [1, 0, 0, 0, 0, 1, 16]]
[[1, 0, 0, 0, 0, 0, 0], [1, 1, 0, 0, 0, 0, 0], [1, 0, 1, 0, 0, 0, 0], [1, 0, 0, 1, 0, 0, 0], [1, 0, 0, 0, 1, 0, 0], [1, 0, 0, 2, 1, 4, 0], [1, 2, 2, 0, 3, 0, 4]]
[[1, 0, 0, 0, 0, 0, 0], [1, 1, 0, 0, 0, 0, 0], [1, 0, 1, 0, 0, 0, 0], [1, 0, 0, 1, 0, 0, 0], [1, 0, 0, 0, 1, 0, 0], [1, 0, 2, 0, 1, 4, 0], [1, 2, 0, 1, 0, 0, 4]]
[[1, 0, 0, 0, 0, 0, 0], [1, 1, 0, 0, 0, 0, 0], [1, 0, 1, 0, 0, 0, 0], [1, 0, 0, 1, 0, 0, 0], [1, 0, 0, 0, 1, 0, 0], [1, 0, 0, 0, 0, 1, 0], [1, 0, 2, 1, 1, 13, 16]]
[[1, 0, 0, 0, 0, 0, 0], [1, 1, 0, 0, 0, 0, 0], [1, 0, 1, 0, 0, 0, 0], [1, 0, 0, 1, 0, 0, 0], [1, 0, 0, 0, 1, 0, 0], [1, 0, 0, 0, 0, 1, 0], [1, 0, 4, 2, 10, 1, 16]]
[[1, 0, 0, 0, 0, 0, 0], [1, 1, 0, 0, 0, 0, 0], [1, 0, 1, 0, 0, 0, 0], [1, 0, 0, 1, 0, 0, 0], [1, 0, 0, 0, 1, 0, 0], [1, 0, 0, 0, 0, 1, 0], [1, 8, 2, 3, 7, 13, 16]]
[[1, 0, 0, 0, 0, 0, 0], [1, 1, 0, 0, 0, 0, 0], [1, 0, 1, 0, 0, 0, 0], [1, 0, 0, 1, 0, 0, 0], [1, 0, 0, 0, 1, 0, 0], [1, 0, 2, 0, 1, 4, 0], [1, 2, 2, 1, 2, 0, 4]]
[[1, 0, 0, 0, 0, 0, 0], [1, 1, 0, 0, 0, 0, 0], [1, 0, 1, 0, 0, 0, 0], [1, 0, 0, 1, 0, 0, 0], [1, 1, 1, 1, 2, 0, 0], [1, 0, 0, 0, 0, 1, 0], [1, 2, 6, 0, 4, 5, 8]]
[[1, 0, 0, 0, 0, 0, 0], [1, 1, 0, 0, 0, 0, 0], [1, 0, 1, 0, 0, 0, 0], [1, 0, 0, 1, 0, 0, 0], [1, 0, 0, 0, 1, 0, 0], [1, 0, 1, 1, 3, 4, 0], [1, 2, 0, 1, 2, 0, 4]]
[[1, 0, 0, 0, 0, 0, 0], [1, 1, 0, 0, 0, 0, 0], [1, 0, 1, 0, 0, 0, 0], [1, 0, 0, 1, 0, 0, 0], [1, 0, 0, 0, 1, 0, 0], [1, 0, 0, 0, 0, 1, 0], [1, 0, 4, 12, 2, 15, 16]]
[[1, 0, 0, 0, 0, 0, 0], [1, 1, 0, 0, 0, 0, 0], [1, 0, 1, 0, 0, 0, 0], [1, 0, 0, 1, 0, 0, 0], [1, 0, 0, 0, 1, 0, 0], [1, 0, 1, 1, 1, 2, 0], [1, 0, 1, 1, 5, 6, 8]]
[[1, 0, 0, 0, 0, 0, 0], [1, 1, 0, 0, 0, 0, 0], [1, 0, 1, 0, 0, 0, 0], [1, 0, 0, 1, 0, 0, 0], [1, 0, 0, 0, 2, 0, 0], [1, 0, 1, 1, 0, 2, 0], [1, 2, 3, 3, 0, 2, 4]]
[[1, 0, 0, 0, 0, 0, 0], [1, 1, 0, 0, 0, 0, 0], [1, 0, 1, 0, 0, 0, 0], [1, 0, 0, 1, 0, 0, 0], [1, 0, 0, 0, 1, 0, 0], [1, 0, 0, 0, 0, 1, 0], [1, 0, 8, 4, 6, 15, 16]]
[[1, 0, 0, 0, 0, 0, 0], [1, 1, 0, 0, 0, 0, 0], [1, 0, 1, 0, 0, 0, 0], [1, 0, 0, 1, 0, 0, 0], [1, 0, 0, 0, 1, 0, 0], [1, 0, 1, 0, 0, 2, 0], [1, 0, 1, 1, 7, 2, 8]]
[[1, 0, 0, 0, 0, 0, 0], [1, 1, 0, 0, 0, 0, 0], [1, 0, 1, 0, 0, 0, 0], [1, 0, 0, 1, 0, 0, 0], [1, 0, 1, 0, 2, 0, 0], [1, 1, 0, 0, 0, 2, 0], [1, 1, 3, 1, 2, 2, 4]]
[[1, 0, 0, 0, 0, 0, 0], [1, 1, 0, 0, 0, 0, 0], [1, 0, 1, 0, 0, 0, 0], [1, 0, 0, 1, 0, 0, 0], [1, 1, 1, 1, 2, 0, 0], [1, 0, 0, 0, 0, 1, 0], [1, 2, 6, 6, 4, 7, 8]]
[[1, 0, 0, 0, 0, 0, 0], [1, 1, 0, 0, 0, 0, 0], [1, 0, 1, 0, 0, 0, 0], [1, 0, 0, 1, 0, 0, 0], [1, 0, 0, 0, 1, 0, 0], [1, 0, 0, 0, 0, 1, 0], [1, 0, 8, 12, 6, 7, 16]]
[[1, 0, 0, 0, 0, 0, 0], [1, 1, 0, 0, 0, 0, 0], [1, 0, 1, 0, 0, 0, 0], [1, 0, 0, 1, 0, 0, 0], [1, 0, 0, 1, 2, 0, 0], [1, 0, 0, 0, 0, 1, 0], [1, 0, 6, 0, 4, 3, 8]]
[[1, 0, 0, 0, 0, 0, 0], [1, 1, 0, 0, 0, 0, 0], [1, 0, 1, 0, 0, 0, 0], [1, 0, 0, 1, 0, 0, 0], [1, 0, 0, 0, 1, 0, 0], [1, 0, 0, 2, 3, 4, 0], [1, 2, 2, 0, 1, 0, 4]]
[[1, 0, 0, 0, 0, 0, 0], [1, 1, 0, 0, 0, 0, 0], [1, 0, 1, 0, 0, 0, 0], [1, 0, 0, 1, 0, 0, 0], [1, 0, 0, 0, 1, 0, 0], [1, 0, 0, 1, 0, 2, 0], [1, 0, 0, 7, 2, 6, 8]]
[[1, 0, 0, 0, 0, 0, 0], [1, 1, 0, 0, 0, 0, 0], [1, 0, 1, 0, 0, 0, 0], [1, 0, 0, 1, 0, 0, 0], [1, 0, 1, 0, 2, 0, 0], [1, 0, 0, 0, 0, 1, 0], [1, 4, 2, 2, 4, 1, 8]]
[[1, 0, 0, 0, 0, 0, 0], [1, 1, 0, 0, 0, 0, 0], [1, 0, 1, 0, 0, 0, 0], [1, 0, 0, 1, 0, 0, 0], [1, 0, 0, 0, 1, 0, 0], [1, 0, 0, 0, 0, 1, 0], [1, 0, 8, 1, 3, 5, 16]]
[[1, 0, 0, 0, 0, 0, 0], [1, 1, 0, 0, 0, 0, 0], [1, 0, 1, 0, 0, 0, 0], [1, 0, 0, 1, 0, 0, 0], [1, 0, 0, 0, 1, 0, 0], [1, 0, 3, 3, 3, 4, 0], [1, 1, 0, 1, 3, 0, 4]]
[[1, 0, 0, 0, 0, 0, 0], [1, 1, 0, 0, 0, 0, 0], [1, 0, 1, 0, 0, 0, 0], [1, 0, 0, 1, 0, 0, 0], [1, 0, 0, 1, 2, 0, 0], [1, 0, 1, 0, 0, 2, 0], [1, 2, 3, 0, 0, 2, 4]]
[[1, 0, 0, 0, 0, 0, 0], [1, 1, 0, 0, 0, 0, 0], [1, 0, 1, 0, 0, 0, 0], [1, 0, 0, 1, 0, 0, 0], [1, 0, 0, 1, 2, 0, 0], [1, 0, 0, 0, 0, 1, 0], [1, 4, 4, 0, 0, 1, 8]]
[[1, 0, 0, 0, 0, 0, 0], [1, 1, 0, 0, 0, 0, 0], [1, 0, 1, 0, 0, 0, 0], [1, 0, 0, 1, 0, 0, 0], [1, 0, 0, 0, 1, 0, 0], [1, 0, 1, 1, 1, 2, 0], [1, 0, 7, 7, 1, 6, 8]]
[[1, 0, 0, 0, 0, 0, 0], [1, 1, 0, 0, 0, 0, 0], [1, 0, 1, 0, 0, 0, 0], [1, 0, 0, 1, 0, 0, 0], [1, 0, 0, 0, 1, 0, 0], [1, 0, 0, 0, 1, 2, 0], [1, 0, 4, 1, 4, 2, 8]]
[[1, 0, 0, 0, 0, 0, 0], [1, 1, 0, 0, 0, 0, 0], [1, 0, 1, 0, 0, 0, 0], [1, 0, 0, 1, 0, 0, 0], [1, 0, 0, 0, 1, 0, 0], [1, 0, 0, 0, 0, 1, 0], [1, 6, 10, 1, 1, 15, 16]]
[[1, 0, 0, 0, 0, 0, 0], [1, 1, 0, 0, 0, 0, 0], [1, 0, 1, 0, 0, 0, 0], [1, 0, 0, 1, 0, 0, 0], [1, 0, 0, 0, 1, 0, 0], [1, 0, 0, 0, 0, 1, 0], [1, 0, 0, 8, 10, 15, 16]]
[[1, 0, 0, 0, 0, 0, 0], [1, 1, 0, 0, 0, 0, 0], [1, 0, 1, 0, 0, 0, 0], [1, 0, 0, 1, 0, 0, 0], [1, 0, 0, 0, 1, 0, 0], [1, 0, 0, 0, 1, 2, 0], [1, 0, 2, 2, 5, 6, 8]]
[[1, 0, 0, 0, 0, 0, 0], [1, 1, 0, 0, 0, 0, 0], [1, 0, 1, 0, 0, 0, 0], [1, 0, 0, 1, 0, 0, 0], [1, 0, 0, 0, 1, 0, 0], [1, 0, 0, 0, 0, 1, 0], [1, 8, 8, 2, 14, 1, 16]]
[[1, 0, 0, 0, 0, 0, 0], [1, 1, 0, 0, 0, 0, 0], [1, 0, 1, 0, 0, 0, 0], [1, 0, 0, 1, 0, 0, 0], [1, 0, 0, 0, 1, 0, 0], [1, 0, 0, 0, 1, 2, 0], [1, 0, 2, 3, 4, 2, 8]]
[[1, 0, 0, 0, 0, 0, 0], [1, 1, 0, 0, 0, 0, 0], [1, 0, 1, 0, 0, 0, 0], [1, 0, 0, 1, 0, 0, 0], [1, 0, 0, 0, 1, 0, 0], [1, 0, 0, 0, 0, 1, 0], [1, 1, 1, 7, 9, 15, 16]]
[[1, 0, 0, 0, 0, 0, 0], [1, 1, 0, 0, 0, 0, 0], [1, 0, 1, 0, 0, 0, 0], [1, 0, 0, 1, 0, 0, 0], [1, 0, 0, 0, 1, 0, 0], [1, 0, 0, 0, 0, 1, 0], [1, 8, 8, 1, 7, 9, 16]]
[[1, 0, 0, 0, 0, 0, 0], [1, 1, 0, 0, 0, 0, 0], [1, 0, 1, 0, 0, 0, 0], [1, 0, 0, 1, 0, 0, 0], [1, 0, 0, 1, 2, 0, 0], [1, 0, 0, 0, 0, 1, 0], [1, 0, 2, 4, 4, 3, 8]]
[[1, 0, 0, 0, 0, 0, 0], [1, 1, 0, 0, 0, 0, 0], [1, 0, 1, 0, 0, 0, 0], [1, 0, 0, 1, 0, 0, 0], [1, 0, 0, 0, 1, 0, 0], [1, 0, 0, 0, 0, 1, 0], [1, 6, 6, 10, 10, 1, 16]]
[[1, 0, 0, 0, 0, 0, 0], [1, 1, 0, 0, 0, 0, 0], [1, 0, 1, 0, 0, 0, 0], [1, 0, 0, 1, 0, 0, 0], [1, 0, 0, 0, 1, 0, 0], [1, 0, 1, 1, 1, 4, 0], [1, 2, 0, 2, 3, 0, 4]]
[[1, 0, 0, 0, 0, 0, 0], [1, 1, 0, 0, 0, 0, 0], [1, 0, 1, 0, 0, 0, 0], [1, 0, 0, 1, 0, 0, 0], [1, 0, 0, 0, 1, 0, 0], [1, 0, 1, 1, 1, 2, 0], [1, 4, 5, 3, 7, 2, 8]]
[[1, 0, 0, 0, 0, 0, 0], [1, 1, 0, 0, 0, 0, 0], [1, 0, 1, 0, 0, 0, 0], [1, 0, 0, 1, 0, 0, 0], [1, 0, 0, 0, 1, 0, 0], [1, 0, 0, 0, 0, 1, 0], [1, 0, 0, 2, 6, 9, 16]]
[[1, 0, 0, 0, 0, 0, 0], [1, 1, 0, 0, 0, 0, 0], [1, 0, 1, 0, 0, 0, 0], [1, 0, 0, 1, 0, 0, 0], [1, 0, 0, 0, 1, 0, 0], [1, 0, 0, 0, 0, 1, 0], [1, 8, 8, 1, 1, 15, 16]]
[[1, 0, 0, 0, 0, 0, 0], [1, 1, 0, 0, 0, 0, 0], [1, 0, 1, 0, 0, 0, 0], [1, 0, 0, 1, 0, 0, 0], [1, 0, 1, 1, 2, 0, 0], [1, 0, 0, 0, 0, 2, 0], [1, 2, 0, 2, 0, 2, 4]]
[[1, 0, 0, 0, 0, 0, 0], [1, 1, 0, 0, 0, 0, 0], [1, 0, 1, 0, 0, 0, 0], [1, 0, 0, 1, 0, 0, 0], [1, 0, 1, 1, 2, 0, 0], [1, 1, 0, 1, 0, 2, 0], [1, 1, 2, 1, 0, 2, 4]]
