[[1, 0, 0, 0, 0, 0, 0], [1, 1, 0, 0, 0, 0, 0], [1, 0, 1, 0, 0, 0, 0], [1, 0, 0, 1, 0, 0, 0], [1, 0, 0, 0, 1, 0, 0], [1, 0, 0, 0, 0, 1, 0], [1, 3, 3, 1, 5, 7, 9]]
[[1, 0, 0, 0, 0, 0, 0], [1, 1, 0, 0, 0, 0, 0], [1, 0, 1, 0, 0, 0, 0], [1, 0, 0, 1, 0, 0, 0], [1, 0, 0, 0, 1, 0, 0], [1, 0, 0, 0, 0, 1, 0], [1, 1, 1, 2, 2, 4, 9]]
[[1, 0, 0, 0, 0, 0, 0], [1, 1, 0, 0, 0, 0, 0], [1, 0, 1, 0, 0, 0, 0], [1, 0, 0, 1, 0, 0, 0], [1, 0, 0, 0, 1, 0, 0], [1, 0, 0, 0, 0, 1, 0], [1, 3, 1, 2, 2, 2, 9]]
[[1, 0, 0, 0, 0, 0, 0], [1, 1, 0, 0, 0, 0, 0], [1, 0, 1, 0, 0, 0, 0], [1, 0, 0, 1, 0, 0, 0], [1, 0, 0, 0, 1, 0, 0], [1, 0, 0, 0, 0, 1, 0], [1, 2, 2, 2, 2, 2, 9]]
[[1, 0, 0, 0, 0, 0, 0], [1, 1, 0, 0, 0, 0, 0], [1, 0, 1, 0, 0, 0, 0], [1, 0, 0, 1, 0, 0, 0], [1, 0, 0, 0, 1, 0, 0], [1, 0, 0, 0, 0, 1, 0], [1, 3, 1, 8, 8, 8, 9]]
[[1, 0, 0, 0, 0, 0, 0], [1, 1, 0, 0, 0, 0, 0], [1, 0, 1, 0, 0, 0, 0], [1, 0, 0, 1, 0, 0, 0], [1, 0, 0, 0, 1, 0, 0], [1, 0, 0, 0, 0, 1, 0], [1, 3, 6, 6, 2, 2, 9]]
[[1, 0, 0, 0, 0, 0, 0], [1, 1, 0, 0, 0, 0, 0], [1, 0, 1, 0, 0, 0, 0], [1, 0, 0, 1, 0, 0, 0], [1, 0, 0, 0, 1, 0, 0], [1, 0, 0, 0, 0, 1, 0], [1, 3, 3, 7, 7, 8, 9]]
[[1, 0, 0, 0, 0, 0, 0], [1, 1, 0, 0, 0, 0, 0], [1, 0, 1, 0, 0, 0, 0], [1, 0, 0, 1, 0, 0, 0], [1, 0, 0, 0, 1, 0, 0], [1, 0, 0, 0, 0, 1, 0], [1, 3, 6, 2, 4, 4, 9]]
[[1, 0, 0, 0, 0, 0, 0], [1, 1, 0, 0, 0, 0, 0], [1, 0, 1, 0, 0, 0, 0], [1, 0, 0, 1, 0, 0, 0], [1, 0, 0, 0, 1, 0, 0], [1, 0, 0, 0, 0, 1, 0], [1, 0, 6, 6, 8, 8, 9]]
[[1, 0, 0, 0, 0, 0, 0], [1, 1, 0, 0, 0, 0, 0], [1, 0, 1, 0, 0, 0, 0], [1, 0, 0, 1, 0, 0, 0], [1, 0, 0, 0, 1, 0, 0], [1, 0, 0, 0, 0, 1, 0], [1, 4, 4, 4, 8, 8, 9]]
[[1, 0, 0, 0, 0, 0, 0], [1, 1, 0, 0, 0, 0, 0], [1, 0, 1, 0, 0, 0, 0], [1, 0, 0, 1, 0, 0, 0], [1, 0, 0, 0, 1, 0, 0], [1, 0, 0, 0, 0, 1, 0], [1, 1, 1, 5, 5, 7, 9]]
[[1, 0, 0, 0, 0, 0, 0], [1, 1, 0, 0, 0, 0, 0], [1, 0, 1, 0, 0, 0, 0], [1, 0, 0, 1, 0, 0, 0], [1, 0, 0, 0, 1, 0, 0], [1, 0, 1, 1, 2, 3, 0], [1, 2, 1, 1, 0, 0, 3]]
[[1, 0, 0, 0, 0, 0, 0], [1, 1, 0, 0, 0, 0, 0], [1, 0, 1, 0, 0, 0, 0], [1, 0, 0, 1, 0, 0, 0], [1, 0, 0, 0, 1, 0, 0], [1, 0, 0, 0, 0, 1, 0], [1, 3, 4, 4, 4, 4, 9]]
[[1, 0, 0, 0, 0, 0, 0], [1, 1, 0, 0, 0, 0, 0], [1, 0, 1, 0, 0, 0, 0], [1, 0, 0, 1, 0, 0, 0], [1, 0, 0, 0, 1, 0, 0], [1, 0, 0, 1, 1, 3, 0], [1, 2, 2, 1, 1, 0, 3]]
[[1, 0, 0, 0, 0, 0, 0], [1, 1, 0, 0, 0, 0, 0], [1, 0, 1, 0, 0, 0, 0], [1, 0, 0, 1, 0, 0, 0], [1, 0, 0, 0, 1, 0, 0], [1, 0, 0, 0, 1, 3, 0], [1, 2, 2, 2, 1, 0, 3]]
[[1, 0, 0, 0, 0, 0, 0], [1, 1, 0, 0, 0, 0, 0], [1, 0, 1, 0, 0, 0, 0], [1, 0, 0, 1, 0, 0, 0], [1, 0, 0, 0, 1, 0, 0], [1, 0, 0, 0, 0, 1, 0], [1, 3, 3, 3, 2, 8, 9]]
[[1, 0, 0, 0, 0, 0, 0], [1, 1, 0, 0, 0, 0, 0], [1, 0, 1, 0, 0, 0, 0], [1, 0, 0, 1, 0, 0, 0], [1, 0, 0, 0, 1, 0, 0], [1, 0, 0, 0, 0, 1, 0], [1, 1, 1, 1, 2, 5, 9]]
[[1, 0, 0, 0, 0, 0, 0], [1, 1, 0, 0, 0, 0, 0], [1, 0, 1, 0, 0, 0, 0], [1, 0, 0, 1, 0, 0, 0], [1, 0, 0, 0, 1, 0, 0], [1, 0, 0, 0, 0, 1, 0], [1, 3, 4, 7, 7, 7, 9]]
[[1, 0, 0, 0, 0, 0, 0], [1, 1, 0, 0, 0, 0, 0], [1, 0, 1, 0, 0, 0, 0], [1, 0, 0, 1, 0, 0, 0], [1, 0, 0, 0, 1, 0, 0], [1, 0, 0, 0, 0, 1, 0], [1, 3, 1, 4, 4, 7, 9]]
[[1, 0, 0, 0, 0, 0, 0], [1, 1, 0, 0, 0, 0, 0], [1, 0, 1, 0, 0, 0, 0], [1, 0, 0, 1, 0, 0, 0], [1, 0, 0, 0, 1, 0, 0], [1, 0, 0, 0, 0, 1, 0], [1, 0, 4, 8, 8, 8, 9]]
[[1, 0, 0, 0, 0, 0, 0], [1, 1, 0, 0, 0, 0, 0], [1, 0, 1, 0, 0, 0, 0], [1, 0, 0, 1, 0, 0, 0], [1, 0, 0, 0, 1, 0, 0], [1, 0, 0, 0, 0, 1, 0], [1, 2, 2, 8, 8, 8, 9]]
[[1, 0, 0, 0, 0, 0, 0], [1, 1, 0, 0, 0, 0, 0], [1, 0, 1, 0, 0, 0, 0], [1, 0, 0, 1, 0, 0, 0], [1, 0, 0, 0, 1, 0, 0], [1, 0, 0, 0, 0, 1, 0], [1, 3, 3, 3, 6, 4, 9]]
[[1, 0, 0, 0, 0, 0, 0], [1, 1, 0, 0, 0, 0, 0], [1, 0, 1, 0, 0, 0, 0], [1, 0, 0, 1, 0, 0, 0], [1, 0, 0, 0, 1, 0, 0], [1, 0, 0, 0, 0, 1, 0], [1, 3, 2, 2, 4, 8, 9]]
[[1, 0, 0, 0, 0, 0, 0], [1, 1, 0, 0, 0, 0, 0], [1, 0, 1, 0, 0, 0, 0], [1, 0, 0, 1, 0, 0, 0], [1, 0, 0, 0, 1, 0, 0], [1, 0, 0, 0, 0, 1, 0], [1, 3, 1, 1, 1, 4, 9]]
[[1, 0, 0, 0, 0, 0, 0], [1, 1, 0, 0, 0, 0, 0], [1, 0, 1, 0, 0, 0, 0], [1, 0, 0, 1, 0, 0, 0], [1, 0, 0, 0, 1, 0, 0], [1, 0, 0, 2, 2, 3, 0], [1, 2, 2, 0, 0, 0, 3]]
[[1, 0, 0, 0, 0, 0, 0], [1, 1, 0, 0, 0, 0, 0], [1, 0, 1, 0, 0, 0, 0], [1, 0, 0, 1, 0, 0, 0], [1, 0, 0, 0, 1, 0, 0], [1, 0, 0, 0, 0, 1, 0], [1, 3, 1, 5, 5, 5, 9]]
[[1, 0, 0, 0, 0, 0, 0], [1, 1, 0, 0, 0, 0, 0], [1, 0, 1, 0, 0, 0, 0], [1, 0, 0, 1, 0, 0, 0], [1, 0, 0, 0, 1, 0, 0], [1, 0, 0, 0, 0, 1, 0], [1, 3, 3, 3, 3, 7, 9]]
[[1, 0, 0, 0, 0, 0, 0], [1, 1, 0, 0, 0, 0, 0], [1, 0, 1, 0, 0, 0, 0], [1, 0, 0, 1, 0, 0, 0], [1, 0, 0, 0, 1, 0, 0], [1, 0, 0, 0, 0, 1, 0], [1, 6, 6, 6, 2, 8, 9]]
[[1, 0, 0, 0, 0, 0, 0], [1, 1, 0, 0, 0, 0, 0], [1, 0, 1, 0, 0, 0, 0], [1, 0, 0, 1, 0, 0, 0], [1, 0, 0, 0, 1, 0, 0], [1, 0, 0, 0, 0, 1, 0], [1, 3, 1, 1, 7, 7, 9]]
[[1, 0, 0, 0, 0, 0, 0], [1, 1, 0, 0, 0, 0, 0], [1, 0, 1, 0, 0, 0, 0], [1, 0, 0, 1, 0, 0, 0], [1, 0, 0, 0, 1, 0, 0], [1, 0, 0, 0, 0, 1, 0], [1, 2, 2, 2, 5, 8, 9]]
[[1, 0, 0, 0, 0, 0, 0], [1, 1, 0, 0, 0, 0, 0], [1, 0, 1, 0, 0, 0, 0], [1, 0, 0, 1, 0, 0, 0], [1, 0, 0, 0, 1, 0, 0], [1, 0, 0, 0, 0, 1, 0], [1, 3, 3, 6, 8, 8, 9]]
[[1, 0, 0, 0, 0, 0, 0], [1, 1, 0, 0, 0, 0, 0], [1, 0, 1, 0, 0, 0, 0], [1, 0, 0, 1, 0, 0, 0], [1, 0, 0, 0, 1, 0, 0], [1, 0, 0, 0, 0, 1, 0], [1, 3, 3, 1, 4, 8, 9]]
[[1, 0, 0, 0, 0, 0, 0], [1, 1, 0, 0, 0, 0, 0], [1, 0, 1, 0, 0, 0, 0], [1, 0, 0, 1, 0, 0, 0], [1, 0, 0, 0, 1, 0, 0], [1, 0, 0, 0, 0, 1, 0], [1, 0, 3, 4, 4, 8, 9]]
[[1, 0, 0, 0, 0, 0, 0], [1, 1, 0, 0, 0, 0, 0], [1, 0, 1, 0, 0, 0, 0], [1, 0, 0, 1, 0, 0, 0], [1, 0, 0, 0, 1, 0, 0], [1, 0, 0, 0, 0, 1, 0], [1, 0, 2, 2, 2, 4, 9]]
[[1, 0, 0, 0, 0, 0, 0], [1, 1, 0, 0, 0, 0, 0], [1, 0, 1, 0, 0, 0, 0], [1, 0, 0, 1, 0, 0, 0], [1, 0, 0, 0, 1, 0, 0], [1, 0, 0, 0, 0, 1, 0], [1, 3, 3, 1, 1, 2, 9]]
